0.00155065698361878
0.007962155693698559
0.008224823449687219
0.008699936930471745
0.008953999571221834
0.00645392562796844
0.008380997005631552
0.006114152768940485
0.006868724920531863
0.006226208967287481
0.008537413287223083
0.006419777450382108
0.007108551464352266
0.006566759587919839
0.00685272804631134
0.005672232884152274
0.005577755387742165
0.008354472501652789
0.020677755645063255
0.03681011551734918
0.04505996010740024
0.03838079486640828
0.03133303116240614
0.037273760563180276
0.021348544621197733
0.009066326037134892
0.012919897151253792
0.035756892454241095
0.01985397122790971
0.024187522458731868
0.038931104549903485
0.01899531210839535
0.017778924492752996
0.013825144519591551
0.007755844906836916
0.006196255424182275
0.006663382650181965
0.005501917653129043
0.004034846143399105
0.006970163934395608
0.00876063171431491
0.00887767970758512
0.006614155394313818
0.006675041435708671
0.006870595743061522
0.007209922389216996
0.011472147260338024
0.012982242537154371
0.008055772184773347
0.009555754232968833
0.005248522794970246
0.005514805675324639
0.008693079112074276
0.007478119174748241
0.009588591876407303
0.009235960895489425
0.005016831126967093
0.00478845464091715
0.005836090736442472
0.01008644464053379
0.012012121615345475
0.012764790871691726
0.005933910171447986
0.00553909141918489
0.00972225251011294
0.0094888459967031
0.007902243170975059
0.007463439003488904
0.007097577518915736
0.006482547048404472
0.007736882944062818
0.006348453183899048
0.007054207090653991
0.008402265620444258
0.006123089312099488
0.007609014443050746
0.008449711429710295
0.007524307310940714
0.006322502281531249
0.005566738607239929
0.0052135518110055
0.005175319956744417
0.005834457146581203
0.007673446722322293
0.008402441998934404
0.010273167764239468
0.00943824176634115
0.005777067413385144
0.007399956787842677
0.006406871993969195
0.010919247736974674
0.011043965011990516
0.010567909645836397
0.009877858934182185
0.008909234839446308
0.009731192526471125
0.008797148494620557
0.007025338749753606
0.010656118946940445
0.010991863404723952
0.008528753633824137
0.009370021895938286
0.010378632826703997
0.011983316630366963
0.007966416406192903
0.008919589299775646
0.007139870154548591
0.012633277792220291
0.010427719900499215
0.00974258793991042
0.009706236953533542
0.00687455926862316
0.008607873677403973
0.008469335037769608
0.00724804684742643
0.010554452883006925
0.006822697529110517
0.008081256657276971
0.008800025306530653
0.005677572994540971
0.0070246577113606086
0.004759590466982307
0.003738554314574255
0.00638464640888905
0.007904461106646965
0.00847842296050193
0.008491451395282274
0.006870316621970058
0.009595362217564189
0.0084012563448513
0.0071486489191565465
0.00736244130422543
0.00884961266989715
0.011140391135083593
0.009774503930281592
0.00645132584193761
0.00972715633541658
0.010781820049666506
0.009313661799923446
0.008037148942324332
0.007931870166328266
0.0075277260766849615
0.008210604041737924
0.005276879560655891
0.008599674859404133
0.009885983135531361
0.008324605746833665
0.008635374823735319
0.007504803690482332
0.009146926534937969
0.007245233728980095
0.0066442227446728685
0.011087975681698652
0.008684946128636174
0.010137961136079638
0.010482186345165137
0.012318444405354196
0.013456052782094958
0.014115223115530472
0.009974300256723221
0.010602234384366879
0.0075016085393962055
0.009878621527500707
0.006753991227792229
0.00743159612901522
0.004688819350936029
0.007447741586745613
0.009361126756418276
0.011386567171292633
0.009518757328343976
0.011495028969119275
0.01149674364096145
0.009478894039472796
0.00931166593951374
0.009090489332627079
0.0076233678225245335
0.009261445735896563
0.008238213232273429
0.00754930625853819
0.007222904691035914
0.00973453856470953
0.008163281469034002
0.006070419030211362
0.010196440186936993
0.007232690716660184
0.008070939897330338
0.008141506006539586
0.01760360525545326
0.013588560077497324
0.007530455168320133
0.00921198420796071
0.008984225014684006
0.00976238685037271
0.009498960880135843
0.008812202338384015
0.012055306419690413
0.011277962759879108
0.011609343956359007
0.009187733396468212
0.008871487083885125
0.010515978207805443
0.014154745812710525
0.0134741920071701
0.011746909436319683
0.017668725768056382
0.02094486007505689
0.018415208091823152
0.014482439829200468
0.01373926720153436
0.014985816519128572
0.01397460436832273
0.009541618683102146
0.013629027883016016
0.011604025404040192
0.010571242693862063
0.013401044015560214
0.00833463842471054
0.015643729607301204
0.010670265581645353
0.01333681390607994
0.011544706175867456
0.010904430205303997
0.006625427681510227
0.010445239313522535
0.011074905276762892
0.007500505759833998
0.00688421583456413
0.009704827650475728
0.010176761274880673
0.009211021640036059
0.009589815575056634
0.0067253463595970345
0.0074970005948332905
0.008532952111614643
0.005176271076293508
0.007003593806441414
0.01200705078078233
0.008110506429151199
0.011828865273693508
0.013375045223983115
0.007194022676158797
0.009335339682133376
0.012118107462852712
0.011376218140105263
0.008263433593080278
0.005033473345058476
0.010334121901658328
0.012816372784575593
0.009689980892212359
0.009665622406852085
0.007406098323350393
0.007311057340101293
0.004680581046263616
0.007002674490285877
0.007573528572485366
0.008429980782849714
0.009275699347834879
0.007229498613301336
0.006231575776728198
0.00890730416334015
0.009394802693143725
0.00758527527298545
0.005374911423287116
0.008424762120015068
0.008962926432891833
0.0058649917830397354
0.008567131311304392
0.009297033609691327
0.008614172447029193
0.007368838719251613
0.009916252689231147
0.00872231584539234
0.012680602290272737
0.009104595604332648
0.006247621095452453
0.005871110364298856
0.005953137947949513
0.00727716491097099
0.011119074311875893
0.009834381007880076
0.008976744850329262
0.006356173656037368
0.007722276157259845
0.010555290385515382
0.012218660541701974
0.006961673821513992
0.0058946062986510684
0.005725408871855514
0.003926083571899626
0.008226195824366329
0.007818978393202966
0.007899954373995486
0.005872892682956527
0.008171599602543102
0.008109005328186765
0.009983545802043794
0.013525085968396907
0.007207723879631913
0.02208770694796938
0.03276647833510051
0.02140205321854581
0.013373759657699633
0.010051784780358283
0.01007143776679542
0.007172937603414981
0.010152041202679705
0.006756388475912982
0.004658531709618792
0.006423559145754349
0.007404206350425383
0.006153433761483437
0.008176044283185056
0.007764602487395223
0.007425628635269408
0.008946452791450541
0.004872105847171923
0.005865424912557655
0.008541304198947943
0.008206382714001599
0.007795450120261241
0.005767237050660258
0.005961396981363332
0.008335790114221297
0.007225757690578058
0.005767597194650803
0.006028192507901479
0.005653100958298683
0.006206793240857115
0.007107123267013957
0.009182893099135973
0.00815019918775795
0.007127715108580862
0.008912700400959858
0.010612139978636767
0.008360942349242662
0.011790172004848302
0.010356937012077572
0.015355000370873695
0.011709012525232751
0.0053206590264190355
0.005045707685367108
0.008897177201333565
0.006877724496404907
0.010593712712515071
0.008031957490649229
0.006715987020613278
0.005068121119454645
0.006746685244265319
0.006066259780764229
0.006471879417554269
0.005470966819987208
0.0057299584427185765
0.005965334547297816
0.005379384225604221
0.006581092288132231
0.006259490028340574
0.006679764350529398
0.008487007501992194
0.006052772923337125
0.008587466688301017
0.009351391197960829
0.009721161850548443
0.00952148778400166
0.008196779961993328
0.006598307938765738
0.006470291521811868
0.009389977966096611
0.007669528342024059
0.00934277365713668
0.011444884938118686
0.013143183206517937
0.006329898424015645
0.006890711294250527
0.00831253629517817
0.011709210115969149
0.0143808349134908
0.011169020401953
0.011331307344625514
0.011365752669382424
0.0052542252860453545
0.006999148585760958
0.007175437921636814
0.012152207698229132
0.010414166948776248
0.01577113517958937
0.009016499671351355
0.008110711562041654
0.008557149036642545
0.011054586036579736
0.006542220472249219
0.010072617430564474
0.0088136366707511
0.0052815387616396755
0.006902846292803865
0.0077577621900210446
0.008730934493857874
0.008445983040404592
0.007334813573051357
0.008351034356357373
0.00878649012057108
0.005704735856187417
0.008035598290774179
0.007038147247576881
0.006814874190730098
0.008499105308784038
0.010430409290302518
0.009105041033765724
0.008321090152584863
0.027422371235849372
0.02694225435569654
0.017353660510708305
0.011842271084282213
0.012625004672267275
0.010543794140564888
0.007038111437876135
0.005911238283739863
0.006458084148901855
0.01103372230198823
0.010440578721741593
0.008616272616249837
0.012569304006676746
0.04772864733807884
0.02122808663099716
0.03703346239044085
0.03028811824507835
0.02016311726016465
0.01205118619591932
0.010327597481443579
0.018047855577035456
0.04109768146425546
0.0465170143527239
0.023349767264521672
0.018328837759201733
0.015629449751278706
0.008736303705851298
0.009179834483568017
0.007696763485454746
0.008482700021479954
0.006768481586827542
0.0070235673158397195
0.008947297742925265
0.008158583275130844
0.009351019226082065
0.005544646167735411
0.008541067888879738
0.006659033958817667
0.005891510464286845
0.00833597932296432
0.0076754999521758014
0.008016443238271345
0.008094861173075674
0.008041510026757383
0.012469774305692141
0.007360309974943286
0.0077796177430628465
0.010337111630898326
0.01001592074467565
0.006154615486324181
0.01023399274989174
0.012945604863713172
0.009497407676528333
0.011194398218804316
0.008816649252130944
0.013457532635672554
0.01285615955352044
0.016569065898684558
0.015319518817624646
0.016733085887469405
0.012425574251118234
0.014101513910083723
0.009806510679030078
0.009611451450088153
0.013563401545740863
0.007337215372351199
0.010466804625749566
0.011686016116755162
0.012279029753086694
0.010036299534323036
0.008275628292985376
0.0089501108755513
0.008497142442341775
0.010218884463057212
0.009899720470455566
0.006596565652061145
0.01004851327076052
0.0103604523833101
0.01305902264361364
0.016104825032319175
0.015978207612702966
0.012299632461097835
0.01012649912921644
0.008812847918241872
0.012420926472764483
0.014065427216068566
0.016959901725760486
0.012423885692867068
0.02101190451224659
0.016031400502131032
0.01507072042259327
0.012848357198568241
0.009884090885234526
0.010987200195330298
0.017613220148869853
0.01958589887157248
0.013984688610188135
0.010983865003058972
0.013434117215488876
0.011231092970596657
0.02280283893619228
0.03448310017291329
0.01105343925723032
0.03391709798272575
0.024907791706707396
0.012287969152177175
0.007683028107199234
0.0073033005224046234
0.00661328912667809
0.0068580956082420095
0.00955193444659282
0.013882581503336778
0.011762669906140525
0.007467210680786005
0.012924347822033595
0.008402162886908926
0.012083255300089711
0.013566707281672245
0.009485871296572673
0.007341052618397143
0.009696095076811928
0.006325184075305974
0.014634391164712188
0.012739301142192547
0.010814692457463701
0.009711841490924755
0.011613569764202823
0.01740723763814636
0.009129695496212354
0.00584996776214596
0.008508443659530986
0.009702911363899102
0.007080491975394838
0.010586494450910356
0.01340441428585665
0.007716477073579933
0.011769778075931266
0.009011366529079643
0.013450953521701605
0.008158704419390133
0.008484771861019832
0.008108889609702253
0.008226707163489699
0.005609560281260795
0.00713126498940409
0.008597019445105616
0.010753907973167935
0.007921638731907803
0.00818265870965242
0.008296594499981307
0.009994284292252641
0.011598169398361185
0.00778296924206237
0.01131153432880533
0.008348518605641224
0.009244097386969024
0.004149489487805378
0.004785355861428291
0.00974172653057306
0.010053747635754645
0.008673979433428387
0.008940516916486584
0.005495680447692531
0.005933759121125511
0.0069871408154612725
0.004903396695846098
0.005367932397135756
0.006694034438472623
0.004762223626185625
0.007305766242045878
0.007915361134018648
0.009537111192715818
0.010961357722164975
0.007206539565801554
0.007396972339235875
0.007989027652523318
0.006096606915574247
0.02519905313929908
0.029233877706732362
0.015380718373590958
0.011343730348855658
0.012434367683029461
0.007462527032857201
0.04329877757415811
0.06045646034516391
0.06443453854688214
0.03937497978022418
0.025250469989256077
0.01444361957008751
0.008579037806762474
0.008460029193502744
0.014111106458197418
0.0058694767658062546
0.008265275395427093
0.0072239928655851455
0.0062930975778612164
0.007186423220883792
0.005357871000058768
0.006598413840542885
0.006991681038755224
0.00760995867257714
0.008818956448388711
0.00713276719940991
0.005923683218169274
0.006560287834221533
0.005565000577848943
0.007205205840215517
0.006278356562528193
0.014503898859848648
0.042734405559481374
0.04341933407188211
0.014496138052202543
0.029564844711881606
0.04498322536223192
0.03591610941903122
0.01629447300310962
0.011996397734802317
0.015774961875664822
0.010474635479635367
0.0068902306180519445
0.007615822551009964
0.005706977737172701
0.007975317383092264
0.00802728168857371
0.006849134009646481
0.006576640252420275
0.006534464105997087
0.007421058196100726
0.006837111711814049
0.009618695237915649
0.004811234250074082
0.006775671192501238
0.008451957536312872
0.006905166028896389
0.004510055507361559
0.006447686382194946
0.0075204289714996975
0.00632019494012811
0.007841205187803145
0.006145496749706919
0.005607313499452945
0.006531696136475358
0.006846802955446676
0.006836136412224771
0.007514586058070699
0.00981560237215422
0.009280778480420866
0.008077431967906546
0.0043501612611658485
0.007484357534989084
0.012556989261923605
0.013004144098950066
0.015558889584763045
0.009477280079510892
0.006332141429490637
0.006354505898774648
0.00676191552820808
0.00419993357252283
0.005039442805778164
0.009032995104380425
0.008156624786643876
0.006055299368260313
0.007399958886623929
0.009005095084159665
0.008010417340243853
0.00634048437659432
0.006112870801683411
0.007960152321525821
0.006129814153176103
0.0063804494110909216
0.009475274991008966
0.004281910509693403
0.005806870734291842
0.005283319407178712
0.008494706111557788
0.0068285573318510534
0.006137167389113785
0.01069140297170771
0.005472941535056267
0.005706821988405834
0.00838838803592423
0.009005592967241054
0.0061617155472262946
0.006085358611685947
0.00783270893992946
0.00892820794946668
0.010250804016361996
0.009877754274270196
0.009801723278683621
0.01032624168482027
0.008697787609884213
0.005626505519584159
0.007615948524161183
0.006084377678866968
0.0058133990802280025
0.007226763951002924
0.00737431167841154
0.007490057155363148
0.005728575720300706
0.005177332300199075
0.0062309066946432835
0.006766052801863727
0.005875612056588474
0.005886077043941617
0.009601627475819252
0.01097702379457871
0.0092905592762715
0.0073371218563127874
0.006617116575955476
0.008277006916851275
0.00933862960733764
0.008218624393360142
0.0053635568247893
0.007500990768609406
0.006662765986190145
0.005589487958834272
0.004543541547960486
0.006282460814067134
0.008175677120286641
0.009024399997019521
0.008211928969529079
0.008159536347108386
0.007108808003509041
0.005974397492666035
0.005723464212307654
0.006985981931982389
0.009671974542962196
0.011511099481854416
0.005852615273679161
0.005634676765389143
0.007418882832053728
0.005496859335109882
0.008017082111288884
0.004794574323258781
0.008618108031671071
0.006481466048159297
0.00968119606588231
0.008904000393926267
0.005427582384973037
0.008549488892409833
0.007290227406189006
0.006604134805809795
0.007180684067015049
0.0046801759873248095
0.004761949906592978
0.0055297314610485366
0.006992313860577866
0.006533973398034002
0.008419637254252998
0.009297683679638109
0.010770910973765167
0.008467707582426999
0.008513626035223959
0.006545187637124636
0.006912250004720195
0.008239915261013114
0.008309256010070761
0.006031175751132825
0.0060497507657862135
0.011437284609219856
0.006102030296064618
0.00690176593957362
0.004798746957948861
0.007919492704680033
0.0076208267727667185
0.014398238208040754
0.03955983379341278
0.053013451761570865
0.05793978793858855
0.03545756922898214
0.025606041519153244
0.008236603757933381
0.007649154953280082
0.005796990462368545
0.006177393839154617
0.0045780716460406675
0.005572388607233209
0.010928838750928687
0.007253022683286389
0.007307399965855503
0.006048014869066753
0.006477988797198364
0.011845596795357563
0.03575849190597296
0.04182489343639189
0.018044088326503612
0.02021965299314931
0.038047487416743804
0.031791533699032336
0.03180431334760728
0.01836620580657699
0.018278253639988466
0.008549264941446906
0.00843328658194377
0.004836511281988973
0.005347550325340772
0.008467672072485865
0.008332952489308305
0.008277278245136983
0.006034445268168144
0.006518417774033529
0.006654690001583144
0.008388053825414896
0.007019094114291507
0.007094150594668687
0.006553399966873021
0.009714912145943343
0.008660768397822876
0.00885711104636813
0.008153693987793885
0.006372054958120939
0.007491355112774542
0.0068826424866624105
0.007456445461343066
0.008422104740473222
0.005023676027840638
0.0072744775003232886
0.0074382980207009525
0.009180473200620449
0.00722861384976495
0.012318783453964328
0.009085619874139429
0.00693066210883088
0.00786046883142779
0.007716965971859875
0.009795481908034621
0.012268722628547153
0.011427932299394717
0.00898231674553553
0.011516248415841368
0.021031555584482678
0.009410045580303427
0.0057244083506458225
0.016088549619808518
0.021694120700238358
0.01409199446491485
0.004210834950818285
0.011316741493533854
0.011536082298753678
0.014333445552479335
0.013872694101309922
0.011041513116568499
0.016498104923004353
0.011693283568075587
0.006933261684588785
0.010281458061642414
0.012461216454645001
0.013268783190317759
0.005408692218439708
0.015363079277879593
0.011852220823089123
0.007355865253387812
0.013726090850266659
0.005305708949731091
0.0072424395975721695
0.009259096478604172
0.0072221587025945
0.00859438148510469
0.004751694281656095
0.008014810751026395
0.006518752576755153
0.006245148153630398
0.02282728259675554
0.032844047168779096
0.043305619008107636
0.027948487046923997
0.017954814679540795
0.020106328794725983
0.010704245986138517
0.008061328251609776
0.008719589532206268
0.006762294306935309
0.008067489674414048
0.006861441924879302
0.00756616703638742
0.00659093552032369
0.006753151113440571
0.03464415118025536
0.019997437888041994
0.01181668273139131
0.01681509249098903
0.02053597419544588
0.032477931928924904
0.036793127987461066
0.022920103365317666
0.018203931483009674
0.018519803958011834
0.008309329197016381
0.006214125044278274
0.0058408050766621325
0.008730947122984833
0.008969386608650794
0.007191569974586282
0.009447986795434443
0.009251610292624012
0.009433258022484228
0.007995347795491726
0.007697306304492106
0.005715580623161459
0.008346736313582983
0.009293399746088095
0.006230207696028528
0.0053267128960305075
0.008008061796602456
0.0048723939836060525
0.009492256166498753
0.007605069186066284
0.01773490325609221
0.010366619899487261
0.011246046451300618
0.007157406961187192
0.005242777699174686
0.00552743590945598
0.008792123303730687
0.007289969083322461
0.007169479898417315
0.005667781080642006
0.005510845169558394
0.00636700857967497
0.008331216921657822
0.007948512625199638
0.006255978843036937
0.0064864468155184235
0.010817943250491424
0.00716038297248141
0.008517334153376627
0.005346483322644228
0.007451343320964038
0.00758030879892229
0.006557692033698729
0.0075936555915755155
0.01049008271030425
0.009874993065599432
0.007545146965370157
0.006485579775988162
0.00802742676032741
0.007640256124524291
0.007340882778315385
0.005467465206760514
0.006367597964539773
0.011382907843662842
0.009218114334000984
0.0074649069087434905
0.00595995406954388
0.007026999476262373
0.006480751526543856
0.009790607492671546
0.007575405904430201
0.008430856751991983
0.007968170575590565
0.006746669486135941
0.007863365174965272
0.00910118668892346
0.007508079409226878
0.0064940719343276705
0.007382228109204309
0.011175313620481417
0.008000871868191291
0.010222764949925942
0.007001117924030118
0.008131482744575032
0.010403242917313715
0.006725035321218964
0.008331209990639951
0.0074911832486908945
0.006788203331142787
0.007328812083701177
0.006784393302691596
0.007328744059430475
0.005875968790954277
0.009318522057862128
0.00694407705431586
0.006676597939955884
0.013123047376175832
0.0067530933735260625
0.009433501467394433
0.005072768830138447
0.006179815072741579
0.00797880656865398
0.006039152748596439
0.008080144020442687
0.009413504128495884
0.00938403192441384
0.011019022742157958
0.008297592654653978
0.008938684094688386
0.0066783048350531355
0.009810361297067008
0.012573227723440793
0.009160980307929622
0.009514116495518223
0.008306776838749228
0.007014249130877694
0.0064564713357848896
0.005497839571069144
0.008955297315763265
0.005534838239828279
0.008303630479534857
0.008733877806094924
0.008535642131927573
0.008329566026557699
0.005843915926239275
0.004719122769146552
0.0061029623521883574
0.00802535081315937
0.0072744344705729805
0.008194135878753285
0.014807605915003371
0.006956362221519657
0.006405007172307267
0.0051988593672010934
0.005882381820011356
0.00648570589581057
0.0077772559904815755
0.009456976507732907
0.010714601637314481
0.011395748754561867
0.007895565843698505
0.00822549014412606
0.0060117680644757275
0.0056854489921431516
0.0075982093960048755
0.005735827816415861
0.0046610077800584545
0.00916412834888125
0.007765690025378801
0.008715681698605291
0.006440968377168059
0.006053345899562278
0.006847915810510165
0.005216689896491763
0.007175982357083984
0.009865892374068675
0.009562120174350213
0.007825877301196483
0.009179906223058266
0.009635637752384192
0.007699471857360948
0.007478934813653997
0.009279885833854976
0.008260533655319752
0.009045754942119445
0.006201867016463091
0.006914979364201481
0.005974830163070996
0.008257056815931791
0.012098150824070428
0.009235130250954461
0.0110378036789399
0.009880624031922271
0.028898107728574946
0.025130972508153722
0.01900710349041283
0.009940270608349143
0.010395927574931962
0.00979065150043003
0.012894622037162523
0.008634779890933971
0.008997864637294847
0.00572893797519954
0.00498864359416186
0.006287945790518043
0.008287797098776563
0.010195335062405166
0.011162612674446988
0.009658450922697537
0.007948549717096519
0.008371385900854946
0.009797562038550695
0.02378538368384131
0.03508798131588311
0.022255657169232564
0.011837723088907938
0.016605726296127915
0.028891927901014445
0.027108453417571343
0.024490879814426023
0.04034528904806388
0.04591178673558763
0.03708444407279186
0.028892481271156147
0.03103730863851645
0.02187420024572867
0.015296853998794564
0.012969497855855985
0.012222796087871204
0.011263011398058636
0.010961538273377461
0.018701823280412738
0.01462764937916081
0.011367402684206655
0.015030383651624145
0.010497722456862505
0.00796942193622763
0.00915298292786949
0.008014137615944241
0.006052516004408283
0.012693259569279691
0.009038118050210419
0.010803207701367593
0.012611762005330483
0.010848774636974973
0.014189640822726125
0.014308255850116577
0.011208296022150465
0.009917175017216675
0.009041157320085074
0.00964510696833971
0.006830679717697537
0.012982331203581273
0.020706200676354477
0.011257406421073026
0.013570719640084489
0.016163189525271574
0.007408765966565316
0.008232923221756587
0.009334697010181475
0.010409475529153289
0.010452692910439265
0.017652023970328074
0.013548563075914045
0.016367550604105042
0.02100791855716448
0.019584098752290748
0.0079615327311252
0.00939949561613954
0.007504775726495577
0.005130073187443691
0.006737809718649909
0.012326240996921011
0.015402355165706606
0.007139207521066898
0.012568097420152639
0.013129755616181637
0.010819001705372635
0.009056101145563657
0.013085660495866258
0.015635014000203555
0.008673985024448655
0.006780680219576639
0.008102648942595036
0.009848934288867484
0.006738886773145386
0.008703321070888658
0.014155792782220176
0.014772420117158081
0.015109961188863338
0.007305618605737683
0.007673963913836153
0.007296045904209553
0.008715512946325615
0.008732534443272887
0.006781724950186487
0.008287875473498848
0.009467917163570178
0.010503021247999242
0.0057650473894337775
0.011191179725251818
0.012109165631165193
0.006539651885199925
0.008907330674444859
0.015159982162495061
0.007202743837902745
0.008845169457886593
0.0072252965555449
0.010339578094368458
0.007965319393266512
0.006902887657597678
0.007144531617150448
0.009154099779995034
0.005613688470215614
0.010189800849729827
0.007128595718032924
0.007074736327295832
0.009988421817973653
0.01078457468075032
0.010689399691270583
0.007045394534245724
0.009142932016030076
0.008729223717749713
0.010077710297681593
0.00999536755417219
0.01033115811665387
0.013725805025507328
0.009698621666095534
0.007148123155205765
0.005187754663190695
0.005497094360640297
0.008187686492254431
0.006326263538303756
0.00794279897812587
0.006632671790790018
0.00866334576087263
0.004933676204920877
0.004345266672246725
0.0036812224335732563
0.007215670224688525
0.01138137685398738
0.006072450952635026
0.009209084492529636
0.007400599310327432
0.007003623649057585
0.006244944867604477
0.008156196106582116
0.009170961862284855
0.007649975620204082
0.008307788542460458
0.005966276664925669
0.005754615645168793
0.00505240936919265
0.004791221469203683
0.004900445277168172
0.007518408368315365
0.005496956969989723
0.006145221517905654
0.010328382410661993
0.005532259188367448
0.007213371011384526
0.006551490394028185
0.005832381957670428
0.005766156584359733
0.006095627841307059
0.004574204844407992
0.008837731542581164
0.006850188255605244
0.006477839555410024
0.007488980961481685
0.00679764442519498
0.007158598444086184
0.009097664347040119
0.007622069378999979
0.006685730006035495
0.007994701482196774
0.00579947462159137
0.004938772263803418
0.007540108184362889
0.004802234275708298
0.0038441257295972497
0.010987145548191381
0.006607775877416179
0.007093616552477919
0.0077702146854505645
0.010077511678139995
0.006302118069474845
0.005724673312804532
0.008414701546944412
0.008309087527984834
0.02962427299603691
0.03870324581434253
0.01546298932802212
0.008111329889442277
0.008132671046485893
0.004863725091438633
0.006869010973610963
0.004741011087401339
0.0045931221899323275
0.00699571740661735
0.006013790734722349
0.006995382531686651
0.004927058612583826
0.010818676156938115
0.006383606006644336
0.006560003105754493
0.006450815017930001
0.010528161247093756
0.005733796541142486
0.013540023311743463
0.010359695661328515
0.0062514505865687445
0.007071399867008223
0.007145882150113298
0.0048864982860068
0.009157989723598292
0.013925949353085413
0.00853625326665648
0.004754506256718733
0.007932610513277986
0.004360203214526625
0.009896650497673555
0.005222353858178136
0.005745728548667925
0.006217726714357107
0.0070973854079629875
0.006920019472486621
0.007016841582901339
0.006560766568315715
0.008798304389833532
0.007436170744717218
0.007769820215508347
0.008506039632628231
0.007782504118759869
0.004313156906238702
0.007258109005115568
0.005882904209355311
0.007216371137648764
0.007068583287983841
0.007888380076529599
0.005898883573375793
0.0060683883531478635
0.004625288776879386
0.006313029203793685
0.006161786517418164
0.006589822132421107
0.007859802297286668
0.006348169730617514
0.04451852398337869
0.02521939747642465
0.04240011026875414
0.04092708862374174
0.021844249664030174
0.032336998662629464
0.016955217785335604
0.01238976963406867
0.008697162960764367
0.00618226482605477
0.01017135868535627
0.006809767791872508
0.005456007871492412
0.0051066090543826674
0.010939357210278566
0.006956638591071289
0.007011347312753462
0.009745631808126239
0.01048316785739026
0.007055274100406573
0.013743590694520835
0.006623687045649863
0.011793889093495803
0.007140317272033761
0.00661733269813605
0.008193186293413689
0.015341860921487644
0.006731193210046214
0.00581239073310997
0.005060838585675953
0.005781859935381284
0.007654463476279658
0.00823475519040739
0.009686138578843637
0.007711643499294725
0.008634579146852159
0.009945658408190472
0.006190939774560605
0.007787144252176634
0.003545956250121777
0.008778988015444902
0.010648998698521163
0.006785995814970696
0.006708818811326123
0.00879507033912102
0.004200232420125295
0.0031509435529312384
0.008063680505981599
0.004854146529624461
0.008339502535566664
0.006965892375696465
0.005399867761324549
0.0059772418664062205
0.008790551495819185
0.006296790343978091
0.009893274588429571
0.006900117960443368
0.009367828010414721
0.0049089056530046875
0.007336250353120311
0.0077866497142674755
0.006002335863106289
0.005951558621803556
0.0069764043189200955
0.008097051636442887
0.006926066073567522
0.007208135299569902
0.005630859127695343
0.004819979793557169
0.00965593623344146
0.004681532856477621
0.007539329999442636
0.0064534942478046186
0.006786452202962161
0.007341550041650286
0.006058951382815985
0.006099091812247624
0.013636049493090007
0.03454502661931755
0.027541824528130764
0.02161792436328995
0.026688916169027504
0.017864644470397394
0.011466476402734429
0.012212733373447493
0.008889604794737962
0.007584843343712646
0.008281925353787757
0.007775310074229114
0.006054109378327755
0.004528996280148178
0.007903811762077974
0.005561040380168986
0.007251722726488642
0.008245636904878275
0.006061115409524278
0.00529300041550535
0.007790796055814112
0.00727651608176172
0.00708253199990123
0.007803354648051825
0.007262575490338839
0.011479340697662233
0.007393513170661994
0.007716305978298132
0.00877860572110696
0.007347334454826005
0.007252550440209784
0.007343519250802753
0.005132462867993098
0.006684596792051847
0.010039246059615443
0.004949115567467526
0.007093106929903914
0.005484263275915642
0.008075727617387108
0.007955812338123579
0.00834819866699811
0.00560668862578054
0.006435072662608081
0.005408440272816227
0.007495784099267986
0.008409351632906644
0.005006523820519873
0.007023988353053501
0.010431280822297658
0.009736882173711017
0.009265494320106222
0.0054437200953781646
0.007688050973462788
0.00724740231034072
0.007740546685891166
0.006047143616276974
0.007067344985063872
0.011868572051251478
0.00696048499227999
0.007335298525464449
0.00660593921281591
0.0051288285412669134
0.007726670784122912
0.006135279165396363
0.0069449021984922124
0.00891245217122843
0.0075428732491183035
0.00741888168810309
0.008399517300188055
0.004592421508984942
0.008660423880486746
0.00840926957535503
0.01204034993084896
0.00983224190126871
0.006422696727535806
0.006177203295987425
0.00675562013591596
0.007553831070451527
0.007443449353631772
0.006375630791841101
0.007318882233666034
0.008542637478237197
0.011685902739059848
0.006325754702740458
0.010943195784772835
0.006437074739519175
0.005089489611681238
0.004816939601094621
0.005695694921167712
0.00558579327607275
0.0063986500069571975
0.007297338495450061
0.008187968688823606
0.005974116144994683
0.007206364044077563
0.009003786905955768
0.007592745441247882
0.00798484413437173
0.0090507416916335
0.006701806265927344
0.01086126903853795
0.008276990794502666
0.013151759554385613
0.012145316347319276
0.005953183648670694
0.008209116918110883
0.009339818313438646
0.008322977235985988
0.0059656981196992
0.005955116216431539
0.005424111034376293
0.007639123965665813
0.007894133304739363
0.008020949585920003
0.008304548904236818
0.007034917779235752
0.007482664603940821
0.006701237847714049
0.0088278368893764
0.007169233956424223
0.007040317200120401
0.006642468548492284
0.008126185547222846
0.007495056024431874
0.0057854855012740986
0.013875403184185469
0.00934987376979977
0.012449596709592422
0.007085439636762757
0.017156248374568226
0.02020986833840579
0.024820719983289538
0.01878259817307148
0.023455702549287187
0.022591400502433658
0.01116120568618539
0.018165867283122045
0.010024251896100966
0.010827159865785878
0.022903788445174243
0.017171973379392916
0.014122390847056542
0.010755305399501012
0.007845168606452969
0.008741926996200793
0.008122994349229641
0.006836939360176656
0.008764715096346947
0.006906167246177797
0.007711873797748308
0.00984126231297943
0.009085819591749497
0.00686204774087071
0.0073456776167993626
0.006293626085344319
0.007228719907702667
0.0076132948551177184
0.011828320193985555
0.009795591982775114
0.007953694033933876
0.006291196038299982
0.008329521976736212
0.007698550662151839
0.006910704964694602
0.0057589621271535345
0.007383483231932788
0.0072336777775518215
0.008329112108445877
0.007957760738154372
0.00852620975431512
0.010757187647808015
0.008353625159057684
0.010185436681311114
0.0072936613565347825
0.006328634807010371
0.007237983553854984
0.006532452656911046
0.008185124037499476
0.008869749401190171
0.010493761166533258
0.009990137877409601
0.010213807417902211
0.008042738619633092
0.009381150532601489
0.008306904331178524
0.006948126487719051
0.00860775954105659
0.009302734366614166
0.008335652982448183
0.011786262723030504
0.009379343332441418
0.0111898772204491
0.00918091603012841
0.010783167319437988
0.0069594360053911565
0.0066397845171948305
0.00795995464483963
0.0068069482244524065
0.006828970621407398
0.005202201252140021
0.004832667246266529
0.005405481105357651
0.004642558668508515
0.008971628535841812
0.006438283935337085
0.010195345195965383
0.006807169736442398
0.007245665100723284
0.006672077057268952
0.005193565437237769
0.006622715796473989
0.006989551872395759
0.0037855603400705705
0.004165006468388822
0.007012425461791834
0.004898834770064395
0.009573526375055999
0.010784769791952937
0.007054282682910548
0.008303541257000651
0.00963796225647916
0.008370042135092756
0.0063582075856456425
0.009786837897253594
0.007468451720947061
0.006912500143382521
0.006655931613222894
0.008379286931258615
0.0077335278482618145
0.011824207008599598
0.0105683067984931
0.008438401834468992
0.0092019304710329
0.007382954507840935
0.007296620850723909
0.008782543235664218
0.009187214044980109
0.010448254406867813
0.00856896809998204
0.009154781540552048
0.008072898795274982
0.013145446948191862
0.0065554976091025926
0.007322162000808639
0.008665805833061981
0.008160421456596617
0.0058985895037596495
0.005341733312279553
0.006509396352067611
0.011334767680330045
0.007922247576058425
0.008764155485740941
0.008575205923346287
0.006522440577491874
0.008334593725064562
0.008444894637254624
0.0066900886194470625
0.009434885012997695
0.012331677765212955
0.016113951624111143
0.014258633454851916
0.012654747829053303
0.011889893513033524
0.007427985022377878
0.008497365416848805
0.012706242566300574
0.009600647843244482
0.011426547318852448
0.005389031483253495
0.007135340029795096
0.0075555761041621984
0.008166623944764506
0.010857632720645735
0.009649169836159835
0.008608464299067949
0.006064161873939688
0.008924239157711327
0.0062310619337158195
0.011329107816991282
0.008640926329667587
0.010857503740016157
0.006927406157872887
0.008388030241860087
0.01099188120883432
0.008099873367364901
0.006788878082730382
0.007189344250887964
0.009042074497898232
0.006794254152581235
0.006442150375793099
0.013482850946442958
0.009802304698852935
0.010099032665797614
0.015587099566183801
0.011223061047345367
0.011146352287585691
0.0074773585272737185
0.006888754088076119
0.00709290610184978
0.007070517392801618
0.005163837218631409
0.008384327725678731
0.009598524702622374
0.008193731376909751
0.007189811468785032
0.007163836995194727
0.005672167589707273
0.006631656567744225
0.0058613265933307925
0.00666491649021601
0.009360030131690516
0.0095070490569927
0.0062721353187793595
0.009185977493677647
0.00943488065547394
0.006159350364870883
0.00600051078161564
0.019474295313001013
0.013273675644491589
0.007996207462487822
0.008393168639096702
0.010202317292404556
0.00706352646771155
0.009176780901506112
0.00667856825606418
0.005676207949069788
0.009476599240507044
0.032227013798732225
0.0345567535597974
0.051459081786530685
0.02386789009220922
0.02253729594317381
0.021564612512210563
0.013968885106428311
0.007863085701644859
0.021660565025909986
0.017766110979352233
0.011949744946042591
0.01542500259644159
0.01434080600564675
0.009333589584398748
0.008982943999598796
0.009574557768943249
0.006864655478132141
0.01198566392715933
0.011614332624096611
0.00704014557902526
0.008039367852230894
0.005302741744891464
0.006214059859339627
0.011044557338981326
0.012322381575543625
0.010056214889492515
0.01044862538687834
0.007014509096246927
0.009690392434370995
0.005856154641256965
0.007103057923600226
0.009037892133564762
0.006796102874533964
0.007072600212246043
0.006595379560621891
0.0077149578484932355
0.009360484742506064
0.008577671606095847
0.014738645876494011
0.01406487223064259
0.00697573108666511
0.008216969052413188
0.008393472994741016
0.008069578723532263
0.007684973884382282
0.010726066687131773
0.008989308624475471
0.006490412596772378
0.011383608505879956
0.013440525717722389
0.010407951059680972
0.008373067224445564
0.011444325138453783
0.01811381935265817
0.025101034197474746
0.015760219762052153
0.007330990494720505
0.012152385653870874
0.022593124074410463
0.029596442742466967
0.016803210854335903
0.011635888199570087
0.008103366510984337
0.0076315952157251475
0.008000903673508562
0.005921010917781355
0.006177233811091106
0.006082053824075567
0.007602845093338464
0.008260003528726224
0.011338984269487202
0.005868308765001336
0.008070679993809235
0.011897402766347358
0.006122383239494699
0.006417300848050035
0.005991918321393917
0.008917807985994628
0.004872380292433622
0.013154125772156201
0.00824972394225513
0.009465887942734676
0.008388665979710672
0.009111995499922292
0.006867412647970816
0.00578597164160563
0.010131006792733046
0.018320633467615876
0.01734222222486045
0.014936461558864635
0.008527279334863976
0.010755514492348328
0.021747435085343336
0.025894632569513184
0.014934468366898863
0.015471078299061001
0.020212795004753425
0.01498772663317512
0.014606895660326743
0.01394746555264262
0.005739541457371501
0.010568947213350685
0.007530671397105578
0.007525794903835604
0.008449614810382531
0.013472726626413349
0.01649068987697067
0.021682094377431346
0.015188390305994937
0.009876713436209578
0.010134364327786137
0.011473199055414725
0.0069798800346265845
0.007451635222566641
0.010472792129982839
0.010232573590468518
0.011396475354864679
0.010177659622067028
0.009488554276975857
0.007175762622620851
0.008231972906206711
0.008161055086668412
0.006182153279001855
0.009609713085544617
0.010938699833847949
0.006344603452854734
0.007082555812629639
0.010284064757737533
0.009486472686609038
0.012696277051836314
0.012128138508163496
0.010547688866971178
0.009636810386958709
0.008037003515171625
0.008417102460979492
0.008686310328201581
0.008985175468510565
0.01729726149745051
0.014495529957705878
0.015770944803455082
0.011098381291696336
0.00803899315694043
0.013346505646766283
0.018249445466217335
0.024635905941290073
0.02583171008530741
0.011075434096637592
0.008136651262351118
0.008804504431462488
0.008594251011005702
0.009450429437089035
0.00787937685352791
0.00838747969906858
0.010443868751512667
0.007766266589448797
0.0074827878045135385
0.007361751436105817
0.012424354501190978
0.011034225690960605
0.008549385950761943
0.007990241237165756
0.009491690233985318
0.009606830899373895
0.028993093342920703
0.02310116062239515
0.018795686809375392
0.011218887362410435
0.005298631082756508
0.007559701989497788
0.00866611630546502
0.0066285243626502035
0.00893998180430863
0.0068951042109812915
0.028192249681354167
0.02803780915119002
0.00991165805267117
0.007430202375665034
0.0052259324570716305
0.007613762758094567
0.007795986921647007
0.006791325467423681
0.010150558850535556
0.010074781742916216
0.008994349143120021
0.00704032881791567
0.006420453508431764
0.006945653385232947
0.008325838837129637
0.007340413719903032
0.006174257555559661
0.00914720941024775
0.010744067016387368
0.007799563070348094
0.008676799406930726
0.005406776230355506
0.009250625959558192
0.02746859316786442
0.01717875775255663
0.01356982783485891
0.007399172522413589
0.007038290893456701
0.00979325417045829
0.013823082608599388
0.02217745418209643
0.022855402656686452
0.00766201940827382
0.007868574834102316
0.010092142845936463
0.009363693386493512
0.008019886071779446
0.0067373334923078645
0.007265795485071497
0.006400648671138723
0.009143028685526909
0.009281783634973293
0.008511512193896098
0.0077657111909177345
0.006891122921324184
0.006761722584490851
0.007575438275012496
0.007969938061203998
0.010727457917052272
0.012834242997888835
0.010954086066283758
0.010906639967630005
0.016769890558117773
0.023437271157655985
0.01427791450573032
0.007211890091787374
0.0060990258508119245
0.008152654689023542
0.005333928565116591
0.008780629557173932
0.005299453667754642
0.006686002507421054
0.013043189283712186
0.02141140686450837
0.016436116338358044
0.007983726398978703
0.006790983438313502
0.004471974109054908
0.005144556029262249
0.006351884020873857
0.007419052424678106
0.004418762884079412
0.006451037083473701
0.007959543544953172
0.007953149569450538
0.008444025633490986
0.005940635854136098
0.008615577242730115
0.008010881751463602
0.008111748221353233
0.009137089251512392
0.007495412277748114
0.006598943415312341
0.011882582508643678
0.017247197547499347
0.01019580333163539
0.01587700485174561
0.014218869535842208
0.009315665445450516
0.014869408128680765
0.007969490858894788
0.010405749441036364
0.00869697079154978
0.012049301533739017
0.010302453783115213
0.005385866401121925
0.006308474875964118
0.006239247072611327
0.006199275793585405
0.011174053392485206
0.00799530700054953
0.012264353171535491
0.008090960026724176
0.011988134612525129
0.009711874166619108
0.010423855424369743
0.00728972460337975
0.0067120303509482756
0.008591779995118806
0.010600572040132688
0.007433047367548016
0.005700840754318086
0.00678823036446509
0.006594806390688715
0.005630088279332763
0.00905873057156608
0.007910327772743305
0.008200783640934172
0.006280335971719539
0.007506269447557176
0.010994591111736311
0.00921917342441175
0.01794385516234403
0.015409175422138328
0.007401446541351337
0.0048709974508075815
0.007189188715823976
0.008468238438450286
0.01444659978886383
0.006981319955237625
0.00968353059338202
0.0062756680166357465
0.006116124945786566
0.010452499100874283
0.0075180873494825355
1.29228923414412e+61
1.0229460899170902e+61
5.327692757909468e+61
1.5151395672667413e+60
1.3278472423535186e+61
3.025410958229661e+61
5.1409755006990295e+61
1.623428551329248e+61
1.205776251300071e+61
3.9603655929464586e+61
4.678650501952173e+61
8.426942495063912e+60
1.342157353101884e+61
4.3510904779984267e+61
1.1614039309203603e+60
3.111098832328206e+61
2.4374858706876806e+61
7.14040880762142e+60
1.3177844361578727e+61
2.1984916417081917e+60
1.7515819993617482e+61
2.3610709485598864e+61
5.916096223014448e+60
1.0201020851741716e+61
1.3567768061576094e+61
5.286725711100755e+61
1.72151766399168e+61
3.0733406708388674e+60
1.3880811041389913e+60
8.640106555345671e+60
1.9662280488116695e+61
1.5079549507176978e+61
2.6780646950393035e+61
7.714240243606205e+60
1.1931253097359391e+61
1.1348804816039653e+61
1.9872320417897407e+61
1.0409126062325065e+61
6.745737420349316e+60
2.4085561322847037e+59
5.3981791813947434e+60
1.031240125263258e+61
8.710651255880293e+60
1.6702625698536076e+61
2.1170952937077694e+61
9.003943996986987e+59
3.886702681518055e+61
9.06660152006647e+60
7.56922163640617e+60
2.724216349451348e+61
1.7489053327784774e+61
7.76397701770727e+60
4.0409688486155705e+61
3.0090033837204425e+61
1.3104568637905488e+61
3.352225692265499e+60
5.1882215284808205e+60
1.3242272247682427e+61
7.527695136392468e+60
1.3470523244999935e+61
4.51870310819717e+61
2.719431284854848e+61
3.239638155600518e+61
6.950706199720051e+61
2.797176849220128e+61
1.8463879429519265e+60
8.430707938239216e+60
2.1193939609309674e+61
5.1394728572050223e+61
5.060608122556558e+61
3.834667945918535e+60
1.638071831719836e+61
4.110578669654901e+60
1.2759723791983698e+61
2.849051727233728e+61
3.0534620938366067e+59
9.006437481270542e+60
4.772690151696981e+60
1.5824999596460494e+61
4.6146984002890074e+61
1.8846973936884427e+61
1.629275742397059e+61
8.263901328818757e+60
1.4016899361839934e+61
2.6152778685284664e+61
8.584181629702147e+60
8.626385419888043e+59
5.8507189558459536e+60
1.3840202889835998e+61
3.32853162235362e+61
5.681866741155534e+61
1.7592547559252414e+61
1.5277874838952548e+61
3.07089848320621e+60
9.320532346856674e+60
1.1338003085900304e+60
7.512723517348669e+59
3.2400442364685446e+60
8.016896368078483e+60
3.092757953316498e+61
8.192475358617823e+60
1.3455557408541275e+61
1.2638878588264894e+61
5.5195479363043e+60
1.8669373682211173e+61
1.3705882420005342e+60
4.27850003377439e+60
3.542801369566995e+61
1.1691809979327976e+61
5.8967297909861796e+60
1.649986438930745e+61
1.3753473838841945e+61
2.2818177176448656e+61
6.011763454095093e+60
3.0569816202365503e+60
4.819866135479467e+60
3.8308992721997715e+61
0.008125212082406285
0.01053154274885016
0.00799298808869875
0.006303398082352177
0.005973793562904682
0.006925669146235178
0.005057020513903411
0.006788550926065415
0.0068737110117911395
0.006186354639977751
0.009005409431771628
0.00687935301271105
0.006137164002547163
0.007236986740153626
0.008946839599659404
0.00840284530696185
0.005089087601188456
0.008098168908257895
0.008530795464486747
0.008001899757550888
0.006858871420971244
0.005217785376084842
0.008154965890910934
0.006811590337120321
0.006706694389754583
0.006620779081426933
0.009771735236459371
0.009439877847137164
0.006507746681770051
0.006959193963387218
0.005245865894003754
0.007264325387864898
0.0059176336675265786
0.006055134248973274
0.008444440458223058
0.024534731045360986
0.04369653037927512
0.05570114378544083
0.02383618461033272
0.01860173523912843
0.013826000789673608
0.020784990921288313
0.02774617797774086
0.0141635226592152
0.008264358486392377
0.005517180304345496
0.007317958650554653
0.005432582866573204
0.00736052008273735
0.007668164810051868
0.008407601144134412
0.006699194241328937
0.006782642648430256
0.0074739485041207376
0.0069265007757671766
0.006376121790219754
0.007230980241293648
0.008185580428209287
0.007117451917199505
0.005561237282418379
0.008462496995340438
0.005526256253016642
0.004543552014676501
0.005620065664963259
0.006512403754606435
0.0076279532341298325
0.007150957386193692
0.005738432611270811
0.004302669357320472
0.006319159382787167
0.006698557913378561
0.00726646087670746
0.0064949955522512785
0.008546856855755519
0.00794858584777599
0.009730704240807776
0.007350436298468483
0.006102642905623279
0.008151138348075196
0.005790431140261382
0.009183004841036681
0.007218103235451747
0.02278676308737318
0.047707391613713554
0.04766527310804931
0.022390234567307404
0.007537708972496511
0.022170214618368628
0.029673922135713952
0.013182055847131934
0.012746552919309088
0.018455547561859614
0.017208025481817758
0.012077396605343512
0.006373983991093276
0.0070507041457661054
0.00738159135985382
0.00642153351790928
0.005680283278557034
0.004987780495215668
0.006808588338899393
0.007077992840672292
0.011280738634739064
0.007405754480380411
0.007891103386584242
0.0060512461234425744
0.007924991670577187
0.007318714036595681
0.009052206951010005
0.0053539467475687275
0.00597381620913521
0.00434975012140135
0.004771395604959343
0.008011616837373836
0.009247862099819265
0.006033266690114395
0.007491899090204747
0.007136206500173702
0.006374916132697484
0.006869953164141938
0.005110641399930491
0.006328248887749104
0.009982699814793954
0.0059218384749328504
0.005252320101988001
0.00572420465225546
0.009394177844515274
0.009366226277317726
0.008318776470686169
0.006875791975288349
0.0052742543457855616
0.0039118045771225065
0.008870383060656774
0.031000802488260173
0.03260561006935564
0.041529374202829594
0.01789317802097303
0.02938566029306916
0.015446329654165982
0.015519757733183794
0.0113686338482427
0.005165360902101717
0.004776542732117525
0.007147797138188356
0.005663366930777674
0.008236828254488248
0.0067735394075817525
0.006921417703036456
0.006517365146412292
0.006927034272193987
0.0075043791735360365
0.006906050804617381
0.008062812876898733
0.008961640818710566
0.009440702938214862
0.005545394843401181
0.006787994119056804
0.010469047181407676
0.008357506824952139
0.006487810745862002
0.00886018696713396
0.006881843233342519
0.0070908243112863395
0.00976639601365372
0.007573089831904271
0.006061835247118651
0.00636521852996344
0.006718585824048846
0.005191148758085622
0.005424049082469948
0.005915039560017873
0.00609900477993286
0.006999092812267079
0.01022905998559489
0.0053901776351653235
0.007325458988177678
0.006693566714296394
0.010082753035358973
0.00674866304102994
0.006208041792799802
0.005970763820275177
0.007635651002030197
0.010620689156688155
0.008281104892237805
0.005460832857165443
0.003631584024140838
0.005883688419975808
0.006564196343883494
0.008856962304145288
0.009458133154944317
0.007066643197805445
0.005301401525969953
0.006379290610853205
0.007616920326242987
0.006127868402234978
0.0069537100720706525
0.008289853938822466
0.006807957846712621
0.006699904463007207
0.005863031132851518
0.006769353837062503
0.007118555421804029
0.008145066403009165
0.008037295981452565
0.004900035180455673
0.006288112796189175
0.006010756137200038
0.0064500867231342095
0.006276617640567997
0.0077434948862786426
0.00698651647593671
0.005024404672921696
0.019648755976288883
0.027108224849203444
0.016149655925964932
0.009168828799145216
0.008533972016270675
0.01706894849291658
0.03904770610973443
0.02306335916067771
0.03054156563604885
0.028428611381226977
0.03450683996291212
0.01769103294666519
0.011956544360874562
0.011722814772917041
0.007012727104548173
0.0074287441453043486
0.006951142695133901
0.00830461809510057
0.005425475556627376
0.006604289742819966
0.007081733204581282
0.00657287858031214
0.006499994178458799
0.00623444265534918
0.007748628867080464
0.00981992171289783
0.006666428614840549
0.004821865070168786
0.008773142647210807
0.0053560249264855
0.007206614601373801
0.004386239381486933
0.0053887438162537596
0.010524011528880802
0.006139541706283831
0.0052431579195703895
0.007599697239553231
0.007598492959011263
0.006294632894722759
0.006570965616806889
0.009701847082421588
0.030603127856173997
0.009834020220310326
0.008616817022689715
0.006277814540365369
0.005402480608323317
0.003925511363108539
0.00644230684559432
0.009093178264061651
0.007044507145917833
0.007102545024013558
0.005278527486460759
0.0071916710803068655
0.008355721196119293
0.008014623019276986
0.0071321066265191335
0.006351724322412456
0.008789494619063355
0.011755941932552945
0.00990308329169909
0.007479491564649469
0.005371589470615798
0.007195974746076807
0.0047701484837685245
0.006798566338842103
0.0064562167927627095
0.007588480180190149
0.007603792094774412
0.006775409215967592
0.006175016362415541
0.00834784920648234
0.007289880356969933
0.004781327837083806
0.006645870836256471
0.008672507255677886
0.007528296609882283
0.007358209549550887
0.00696511558234189
0.0096393968830747
0.008114679495104938
0.008172218572429828
0.008414022613771673
0.005022925963366252
0.005560469323350897
0.007332617349935839
0.004834977221083259
0.006629443831259445
0.011650573217264816
0.01039686657812919
0.009310306625708663
0.009341245356647878
0.007197842773304971
0.009572544197699383
0.00952153450079395
0.013969240442267782
0.01148778285020898
0.014641761427411179
0.026948920400845542
0.01726983517040847
0.015539117257342737
0.02710182145223536
0.020136331420447483
0.021284168260629933
0.014451059244307257
0.006411923527279041
0.010188510753630621
0.00997004919739858
0.008570279760478545
0.008391035139175388
0.0041804184719313785
0.007112349121582095
0.008845646162551235
0.007250814461227231
0.008207298897580354
0.008873208300249437
0.006895645223227164
0.01129208816357166
0.00798532506175221
0.00901442154128888
0.021953855476660757
0.03500616209671358
0.02682394447934367
0.017553350653403847
0.015075894403696565
0.02338992380732984
0.014129468481595967
0.008097207010867606
0.009504160271960507
0.008082314507704967
0.008828945553287407
0.009001583351353945
0.0092537237255726
0.009478646507501994
0.00874338410417606
0.008517257798697168
0.006907638198059463
0.010023623808123288
0.006140792964039105
0.009897507321376085
0.007224616710862625
0.007407119657721868
0.009584692231385404
0.012274543403448395
0.008221647026201597
0.009069762292555723
0.007552663179894676
0.008007020233531156
0.005734444537357109
0.0062662303828936155
0.0064480878962997175
0.008676003232541701
0.009276533022267854
0.006336013289069335
0.00663793537308057
0.007303793767796582
0.0071313031309506525
0.00691543769347143
0.007314543381772262
0.006843133043135379
0.008549276318787685
0.009579600344996532
0.006814498390514185
0.006312599879145997
0.007112599639025859
0.02384705175442459
0.027226864425162044
0.01785948789745562
0.009882268623902755
0.007029406836847604
0.005529535438899586
0.004561609135415367
0.00893232454870945
0.02170571541272538
0.02198188233338786
0.014629952835664484
0.01915615150676263
0.01927093403473021
0.022037866873573782
0.01618094095516618
0.009795897464545228
0.004074730805117151
0.005903081907525626
0.005168634152579187
0.005843100267450045
0.0069756314218073386
0.0043626364555848455
0.006105154469981131
0.004518141670632866
0.005221336638816204
0.003206464095631075
0.0038572530694191897
0.0040502075879149686
0.006087824069964031
0.006493224470055937
0.006343829045084761
0.008164399065720425
0.004603427488117019
0.004374566333497346
0.004011792017775853
0.004592959790012486
0.008499348446521678
0.004398247793309088
0.00584055403169458
0.006947665383659403
0.00588528388163212
0.007405453861454115
0.0050075417142108865
0.00708916054735938
0.006680591788057458
0.006368564345237398
0.006082083743902613
0.004563382410345714
0.004717763228181457
0.0049170139105946045
0.006273269217015399
0.004259342200115786
0.005180648174447148
0.004876652262366673
0.003685673308808754
0.005687136908167364
0.0017738308330532563
0.012003221143306814
0.01715361590569262
0.013722016078283088
0.011156075528139475
0.009323134027819816
0.006773699053433582
0.006745326103790656
0.008047413251110438
0.007106013241284164
0.008700832589061487
0.007052299109261826
0.006714976292859123
0.0036936399898204997
0.004837029147558809
0.02267664782399844
0.03847269316366722
0.036699993858131136
0.021161217355265074
0.014445314846508234
0.011232549730964539
0.008174509483419447
0.004196005842708627
0.003011220932764909
0.003941143872427454
0.005041814528717877
0.004491110210171237
0.00609993673142177
0.005766658551974935
0.0035375954200190527
0.004932841148486771
0.004935133170842625
0.00393996859043914
0.005139403141961132
0.005020584208939666
0.0035924060806591927
0.005575800376500762
0.004403828975610835
0.0044588654350021404
0.0063621856694086355
0.004463047567806261
0.006734455743538973
0.005042242500280905
0.006589027381944065
0.0047887369004014834
0.005155599093529238
0.003787441196358609
0.006120532773115047
0.006496131767241646
0.005234345851119277
0.005056088034109
0.00459978589648442
0.005787386137497606
0.0036772771702085756
0.024846470416005084
0.022614443868247076
0.013028839720622744
0.008482590918902017
0.007262826749724285
0.004999829160460514
0.008714087135370073
0.01897572039039116
0.021021603132102887
0.010867477531813498
0.006479147040102648
0.018821557514585575
0.008738310557221964
0.00519742328462675
0.016982814895966817
0.022743050621764918
0.01805741656710481
0.017261283289868787
0.01276447182711816
0.008421962804353788
0.004197755948113724
0.003613046499407859
0.005672502627403604
0.005375672606435044
0.004092354469432573
0.004324046411371772
0.004359935481532023
0.004225049904473732
0.0037584657086685027
0.0047778143647660585
0.003968742347456124
0.00487666679684008
0.005735551448549206
0.007741887042896392
0.005785992325909108
0.004656265598901577
0.006475988363227873
0.004190947632837755
0.004899974603374398
0.0034615152356028173
0.004822794106477169
0.005746461453766146
0.0032032687565560635
0.005559394393353745
0.00783234672535622
0.0041909960353657535
0.006636059083052589
0.008178540862723434
0.007376234231003359
0.006273777624175939
0.00579594817232002
0.014442231213286626
0.013315275979933225
0.013289529600609602
0.0066089608630109315
0.013199796750333873
0.014960431498361758
0.016219292220915876
0.007043857793589189
0.006184698713479517
0.005051234478198796
0.004469266394047909
0.003915833285289002
0.004640136708786174
0.0032790933427518233
0.0051393284861028805
0.003809504881441266
0.004915494754334466
0.0040598140616715205
0.006295743132048387
0.00557016459262268
0.005660499646402393
0.004494571224613308
0.004237163499095244
0.005520485835499472
0.004895685150501647
0.005632962176047179
0.004777689166089917
0.004885609262414311
0.004086457091788474
0.005202409921657603
0.005462838292049274
0.005016779927870278
0.0063599263108319905
0.004450881128914344
0.006321291423081394
0.005233553741035075
0.004643452833919698
0.02276344931932236
0.023705021738164148
0.02146745839746127
0.014295300339251445
0.011046134659800273
0.010870730100882051
0.007276118479705042
0.004848202970697898
0.004053841185376772
0.005465804968352233
0.004815266445460399
0.004640775049081335
0.003460831160067353
0.0039170221921416455
0.004219829969011514
0.0037906117142890625
0.004584598103037698
0.004411944691081209
0.006378047434316289
0.005529457518121149
0.006961612906248757
0.0070506251218733825
0.004662466559298501
0.004254885594172437
0.0044024159200386475
0.0037296742931626874
0.003184010743449914
0.005400312399555429
0.005864994207937306
0.005214242890224897
0.007823899652111872
0.00581528455596459
0.0046036015328931226
0.004994917392786328
0.005041193658857474
0.008834824691833018
0.006799733628484747
0.004993442149028643
0.0069945530561542
0.0064245995935960105
0.007768446279419018
0.004694063570305348
0.006361250050851724
0.0060490080128830625
0.005635631187867293
0.008459846587863784
0.00931079000738945
0.010871518977831543
0.008987352374950016
0.010901605706130964
0.007495966207132807
0.016723357456329795
0.013994451656944918
0.01350852018528022
0.015884566701855302
0.013319525057780971
0.011959712415791397
0.012456953935586958
0.006147326251669164
0.01338040407253852
0.01708000287365759
0.010501358743418843
0.006882606215400741
0.007009100762432626
0.007279455491481822
0.004447376198581932
0.00558076569477356
0.005175567217004998
0.004958915700471417
0.004237447561855418
0.004826259484296037
0.005208834214247198
0.00475703322258545
0.008885303262686666
0.012322274629423991
0.008884612965633755
0.00756335593850554
0.005182230344131049
0.008116891852912304
0.008381263850453778
0.006745184975833237
0.0062314277796992725
0.0051463944183990805
0.006378559142719914
0.0057654277468890715
0.0059804118281563574
0.005555726758106453
0.005842382944521034
0.004989370093176652
0.00488160716187811
0.007732773313307563
0.0044271952011888235
0.006662367732798609
0.006788469709422698
0.005334891377063394
0.007869407502572201
0.02384705175442459
0.024398754130045285
0.016133477745572403
0.010404686262948987
0.006893079514306207
0.00643720656688772
0.0031480823520444665
0.0033181576070386745
0.004325990503329655
0.004896256761425529
0.004253666201591883
0.0067029653799434135
0.03160432049375382
0.010097685600064028
0.020424633956535446
0.011463305071460475
0.0054218447500451366
0.0025262706652513234
0.0043073108810326565
0.0035450789358519447
0.003346788384180049
0.0032901685659742458
0.002842918577840797
0.002237051221108764
0.009140108962785172
0.01838730641914074
0.01589790364119765
0.010154257073945074
0.0048728591238626755
0.0036685496068520887
0.023520731430060414
0.011551016665203116
0.016778779571348698
0.02022075150432225
0.016064084533520834
0.015899203358024
0.019684017008246235
0.013338885366632665
0.017690604679548683
0.025076143498293204
0.012769670307377497
0.01703086160397272
0.013164911293840037
0.005312131374277408
0.005266824135822778
0.003157512629317686
0.004054284354550535
0.0040521455469811115
0.0025732561537820933
0.003961422181817896
0.0029938716412195795
0.0038104328047373734
0.0038195093262797545
0.0031363664181808257
0.004365373133456211
0.0049318599875857305
0.0031445196416859987
0.0034801968342127584
0.0035546833413760514
0.004243256855655238
0.002959514582098733
0.004210669749470458
0.0030845707884991098
0.002844384344132135
0.004043826075389604
0.004656716511021773
0.004764589120164884
0.0052995418486524075
0.0069152474788106415
0.008096902550626377
0.009882977956686792
0.016076776788028397
0.012055856615898896
0.010043902761592729
0.009717639287093762
0.012857032527343607
0.008347614877149204
0.012871205390661456
0.005254718824495363
0.006272227331602836
0.00950586983362472
0.013800371385800349
0.009756970135786329
0.006409056430989362
0.00462441232087992
0.0043674327082754765
0.004582199256876194
0.00428650852587796
0.0036678558246476477
0.005330657411454931
0.0032890988726543644
0.006043173189395852
0.004850613195616897
0.004445481182064439
0.004439309242428945
0.00555389851624715
0.0037338132910770816
0.004966552421013824
0.005391398355778518
0.005998351752372173
0.0053103188519507925
0.0037742140710675543
0.004359689638324131
