0.003948644910471507
0.0033125901289692778
0.002124222380642483
0.0033468519515584562
0.0033365590118270487
0.0021253573536707195
0.0035799690727723803
0.0036179393954731223
0.0031247054392891265
0.001869514156380682
0.0023593259069807034
0.0015551567236413344
0.00220560443421878
0.002974578386131349
0.003094141240075896
0.0024795228989785627
0.002308904523214924
0.0022630166026329766
0.002250033277628124
0.0018517727123128047
0.0030682760047359686
0.003448066889589473
0.002209104038290202
0.0024423835206165262
0.002366048246132189
0.0027933632092944044
0.0025203132195425605
0.0035784703310318042
0.003326381785212667
0.0026980282863703765
0.0027183423566509053
0.002518199477271473
0.0032762738197131404
0.0033818199994716403
0.0028712085016653647
0.0021508010343371585
0.0020058812942187147
0.0033218712837753037
0.003061274772807029
0.0020382958877062838
0.0030613439722563156
0.0025854168775252626
0.003003649994964258
0.0024299398565498795
0.0029273477189335154
0.002425889496194738
0.005750471736533233
0.004071554950983495
0.002610650234725776
0.002319217055204575
0.0022815735959467757
0.0021600369575237666
0.0024906638227276717
0.002600599361654305
0.0029275255919922884
0.002580297222476346
0.003100235266563652
0.0022242501189911413
0.00204244454133336
0.002966815596169885
0.0022931769271561787
0.0022423548178885436
0.010161322635059623
0.009967843389362232
0.004405562354275742
0.0029219772409082357
0.002831286923757081
0.0029193914256888053
0.0019377351900703782
0.003067809318795671
0.0025507031794064126
0.002234421555142467
0.0025393620759951037
0.002259655072148854
0.0026678404241906044
0.002751329337628338
0.002474750036723341
0.0028525322375838945
0.0023278394487399813
0.0026446143393597213
0.0024772488171023337
0.002452962494611873
0.0032727316145962563
0.002689682608812692
0.002902092489563071
0.002486780122806634
0.0021524378104656227
0.0035361266774533075
0.0019600216500777643
0.002452949738867944
0.003632833149988778
0.002157304451059584
0.00289994636390076
0.002547611002106767
0.0026697294348847532
0.002407001773177626
0.0021575203144360644
0.0023340828089801154
0.0027426959698821883
0.0028145881909665974
0.00236155705943883
