0.0025419840823943086
0.0020368743903454896
0.0018859925820442895
0.0026959741176128186
0.002724846748894416
0.0026566705323053342
0.0030161206447461503
0.020815507513733195
0.024618961656190697
0.009319188725209912
0.004012420713942178
0.0065193245731406555
0.016203702024517302
0.01755993826798662
0.014018434545120832
0.006216606114766413
0.01130026408021092
0.016808586186811685
0.00991416004846451
0.004850110275436378
0.011265460865020432
0.013179650283436487
0.00427160077878419
0.003700018044566622
0.0027373893256094394
0.005667670224414402
0.004997936408865762
0.002673642679964551
0.0027211426000759743
0.005654675701777539
0.017556346394571813
0.007405415948439124
0.0029347153898517746
0.002065908815980176
0.007169400619657514
0.014566510575883053
0.010296904711592336
0.0036959680045399674
0.010487522517406698
0.012656484458489157
0.01215790019319272
0.010294062560477697
0.007218779656714489
0.002974339558556583
0.002757264686097895
0.0018828486598267099
0.005523415952999357
0.010685535484405909
0.021452381810718544
0.006719148409850391
0.01356294381632511
0.011887360218900184
0.010095261327286824
0.0038470628749879433
0.0025451286112692594
0.00285981564703887
0.002073476069397702
0.0024808348410285757
0.0020858983765824684
0.0026180852626467663
0.0027147591306007106
0.006986136678432775
0.0027975234392366823
0.002996946573719905
0.006794696181476013
0.005300586472984313
0.008539513410639916
0.009744314175856325
0.005460430912490556
0.0028851443086487993
0.0031748492360239296
0.0024463048685376904
0.0026745746873377656
0.002307593090838314
0.002553522203552635
0.004743595833904998
0.016206536626266085
0.007205458241047106
0.0033943806948004735
0.002378701325775565
0.002377074536280392
0.011045889003074148
0.01103328556586796
0.009306503981571849
0.004569204083119427
0.007104190357007589
0.008061051922134528
0.00604256822368036
0.0034464732942357905
0.0022824529416973823
0.006981196109676154
0.008683313018512837
0.0064186288414249
0.003058196834969937
0.002912577677516368
0.0029121056988380637
0.007745476850132917
0.010634014959096182
0.0045357972435604976
0.0033917137159648306
0.002137769542542819
0.0036516022064408374
0.002828073451177068
0.003454108987622247
0.0037802434930559047
0.003183328983317989
0.0024111898288226787
0.0029340387036703238
0.014439567229745993
0.005285307532463745
0.0027958591888109976
0.0030426431336945756
0.019748192388428086
0.01687781716086491
0.005411398684938885
0.005575274111632084
0.015437425976604345
0.021783262171232443
0.012196943730337442
0.008433228408332027
0.01829052849301853
0.011788714796133094
0.011716078595815888
0.015464466252114248
0.01309963610749863
0.008971822867796173
0.003924071268015164
0.004324359728492707
0.027544753380585346
0.011130741547819822
0.0040451232371746275
0.002767971007788593
0.010271382101864497
0.01798261675883433
0.011406361818775251
0.010149153384252747
0.01041131453951909
0.012950803271735286
0.008514191940727849
0.008367122271583701
0.012246586688682129
0.009811966400260642
0.0033646888459804482
0.0028378516818692765
0.0031841041985264814
0.01713279381457014
0.009522942446123185
0.002388946621959988
0.0021518889717272996
0.004956593712640247
0.013423566188705416
0.012301377213462578
0.010236030822101063
0.01094283641060463
0.007898173828962289
0.006236160593857311
0.009172670195017902
0.011033980994523799
0.0044765582043263
0.003092344844965392
0.0017409968456084935
0.00561509432126077
0.007976247165361544
0.009261246692592345
0.005320035368180522
0.009523114531077476
0.005247492069852377
0.003199535869750538
0.019633363422209154
0.022495122237055243
0.011914261902890385
0.007257023148687198
0.003249440138258117
0.0022040508721579834
0.008788313969268468
0.012724281362360052
0.013394916071177829
0.013494779733949865
0.011782344080915396
0.00483094299092689
0.0032144880572771953
0.002098776506590063
0.002639925641570566
0.0028612862531601827
0.0025200281060647088
0.0035334345833683135
0.0026556660886284584
0.0027441535994465836
0.0029461962513353235
0.002761111346210135
0.0020783516106526504
0.004056512493488878
0.0028486514140288375
0.002116706589506053
0.001839053760458078
0.0030177648665849956
0.0034101697406417495
0.002520990316369596
0.0021545937813355087
0.0032438738420440434
0.0027977493653634227
0.0025993555908050197
0.0021814911284569385
0.002549926889303934
0.002821171481336956
0.0029726328231396977
0.0029249537526713017
0.0024872345581770875
0.001775363926710275
0.0027376635209228986
0.00234974144570487
0.0017852182415332258
0.0024807712539130183
0.0021496780706864245
0.002479651214033317
0.0019656248480454724
0.002395323313817701
0.0022603396578705173
0.0025528129537073286
0.0023745344092095423
0.002162131583908281
0.001992196390580807
0.0021823612019739387
0.0019496686779694144
0.0025173097826642326
0.0017426044856527147
0.0024195782715622535
0.0021885319906240217
0.002908468853629985
0.0020324563556636485
0.0030195449637800695
0.001998631730908171
0.0030256943098044115
0.0019559762852139387
0.0023705998369484022
0.002351637201479677
0.002319944103983983
0.0021691804186808783
0.007729511733276454
0.0020586151323437473
0.0035567850136542147
0.0029886005191965843
0.002259704716586431
0.0031167091686680384
0.0025450129991088574
0.0020175768094879564
0.0028405256990488683
0.001741490783918556
0.0020422888378654773
0.0026542233632618783
0.002519261165476422
0.002420046566643116
0.0016984539835847583
0.002414436063786905
0.002338131510439766
0.0028317315665401708
0.0018703053230780455
0.0018272526206785614
0.0030123625705398196
0.0027634705817429733
0.0023090404443185894
0.0026670948105356734
0.002667265052908265
0.0022755177098133976
0.00247637631976164
0.002453623219702332
0.001687250614383368
0.0030016938551357055
0.0034636662812944793
0.002570875101470876
0.001682116918894701
0.0020975800305905196
0.0024303818924528366
0.00270846038539151
0.002044813846064425
0.0019218919949208204
0.0020910815867805324
0.002250325432230536
0.002452188740142165
0.0016020238132854248
0.0020790031579762946
0.0021260598495293163
0.0021579933413917018
0.0021846586282724166
0.0023268747722587613
0.0029306902473235706
0.0032187441254382184
0.0022758310225608636
0.001835839446805821
0.0026132782746904806
0.0018289717670660261
0.002172287846173155
0.002405558179608475
0.0027098044952403168
0.0025398896780375606
0.002393572740511605
0.0021124879365978285
0.0017364488663817437
0.0024481176403406074
0.0018871089765319395
0.0027084962791878472
0.0023595709364668265
0.002583485186645595
0.002164280760241545
0.002586856725070825
0.0035563493367360426
0.00412301017248578
0.002068079496234236
0.0020368068505547256
0.0029742120556972966
0.00324224025924818
0.0027659640202886003
0.002618197131321556
0.003068283965211254
0.003595082669159764
0.00236006891291853
0.002032368598904841
0.0023000157605794955
0.002478050910787854
0.002687850319593676
0.0028402847569225643
0.0023192901977943047
0.0026874816260445034
0.0031615805379100388
0.002212638782280368
0.0032050214781218847
0.003673289769917924
0.003206103142949354
0.002621593584945344
0.002430624281559424
0.0025337945434956402
0.0033440350176701717
0.002347736763072611
0.002488753402800479
0.0029388246492599176
0.0021875925764925225
0.0030937986241101347
0.0027090504693948626
0.0018318695499069432
0.0024776044829494174
0.003243470805847746
0.002560371021697606
0.0032848488618092975
0.0024605261221547488
0.003125759735083564
0.003102039779489157
0.01712059992276151
0.017617400289504606
0.006836950176879651
0.0038024369445998673
0.0056564654195130765
0.01180746756320028
0.013409219466362195
0.020802844255257382
0.012459275502502892
0.016676572871260002
0.020971055402860064
0.01619248292259242
0.01650724412742615
0.011493467916702136
0.00491049187607562
0.0035152084914084588
0.009005152879401492
0.0190406662724632
0.011654469711288563
0.005286493309002972
0.003161466187023676
0.010314786266461347
0.013233315102578207
0.019696152251877833
0.009614072980217207
0.016420068819268625
0.016749439698269815
0.013124543095875907
0.009092943608307324
0.009525134175253828
0.0076830880694818545
0.002952423311542657
0.0036246414623896796
0.006601569372260213
0.01631246542869271
0.004821741998242275
0.0029193167518318645
0.0038143939065711178
0.009195658689564118
0.014842366153382806
0.010277434541019165
0.010868506939287368
0.008874596564264058
0.010367897966242448
0.00877636444717512
0.008887853968613092
0.007780971781798189
0.006359818665728543
0.0031925690818869336
0.00275393947226961
0.004642105918571588
0.016969925699833775
0.005548819490159972
0.0034852357267293305
0.003639436961455471
0.014672184655983559
0.0133418473859204
0.010971517209719766
0.00914288871544991
0.008968937122985222
0.011772731663273629
0.009871709987789117
0.008287285793515035
0.006825412203036036
0.005253237651514815
0.0033973712610621013
0.0025848218945054412
0.0049150011792816585
0.012754905252557685
0.004517406694566623
0.0037009518854614213
0.004819724005130335
0.014901355454827082
0.00969825086124961
0.011706552286312257
0.008022536825108494
0.009339870163802173
0.005584228095471206
0.00638475937458408
0.00659885290967871
0.004992401990937372
0.004373297937962789
0.0042074500404115775
0.004286202212908341
0.009549496219474112
0.009687161394923748
0.0043554832467030645
0.0035019095516065648
0.004631629732400813
0.011520617465709777
0.009721150172025633
0.010269372367140813
0.008296961605643893
0.010260372763389473
0.009916537627079492
0.006982546898332287
0.007129904883638276
0.006023755218757746
0.0032266597489963144
0.0046632014383756444
0.0033941037094387624
0.009466478452902112
0.007113051699350009
0.0032785545804848706
0.003958690840050156
0.004697478547793809
0.013213834080682439
0.010501501499137894
0.01069537396864188
0.008223922242095118
0.010954048888599802
0.009100227264347623
0.010082292789309286
0.008941807248246638
0.008033485171001171
0.003468217840729715
0.0036543219699981377
0.002364026452303097
0.0034333026321106087
0.00303499702828025
0.008981141466294052
0.004989106295783046
0.0034400016424437777
0.004799663718943771
0.012943056204660349
0.02151311354413592
0.00936618353172691
0.0060040573387073045
0.004382775538594771
0.004530776367976367
0.0025046478663760313
0.00810819999831281
0.00861743262383272
0.005572311701532545
0.00249142537157324
0.003308229471788685
0.0028183687563634757
0.0027515003655139494
0.003097416794076899
0.003083479303028055
0.0028986693588498274
0.00246070579004388
0.0022536789746194
0.0031087474349901093
0.0038998478290321052
0.004788364155401012
0.006953184122624374
0.007435966391779893
0.007253893194463879
0.003913221832198714
0.0034441114449034185
0.0026085024276079304
0.0034114783831885377
0.0038545431164211702
0.009083166586028285
0.016664411162357458
0.022491876467133336
0.010662083259072527
0.00841450547436139
0.003268386670177296
0.0033812730077871084
0.003203738497245674
0.0051611573994629735
0.00487155726150277
0.004513081700711642
0.003974475255594336
0.006133838671186426
0.018025322018487524
0.006981160209331975
0.004340531523254173
0.0038865774113098365
0.0033573818932016914
0.003971596471837261
0.0029264122734760385
0.002595850268752321
0.009413485278475414
0.0035449869818131928
0.009570547277402404
0.005593996551913189
0.00299543999515489
0.007629199084584276
0.005449495656476369
0.0026687793706791853
0.0029313868824427714
0.002193611533286789
0.0030937967356964437
0.0023620035554843192
0.002979279429469034
0.001958233245609838
0.0029153146041038347
0.0021750249392932628
0.0038669450102236146
0.0026367208114288637
0.0028150165343038174
0.003020626230035424
0.0032024126332895575
0.0025382956869595234
0.003216766434053469
0.0027853240366825997
0.0032805738792774943
0.0021949001539238186
0.002117457778617237
0.001939810987963337
0.0
0.0
0.0016842593110131979
0.0026901266436700584
0.0027175167533242174
0.003201250129426275
0.0017038543282445005
0.0020172599246447032
0.0017564346657644074
0.00840403571205772
0.011473746584436397
0.008614126364605443
0.010587066772740432
0.013300721509079762
0.004185441959988575
0.002690694821478134
0.0027694486983245183
0.002256343078376974
0.014279746429173262
0.00715948692496124
0.011501073583686303
0.008093188855582991
0.00790573974994228
0.0030823937781596458
0.005672786741187368
0.007410819206830358
0.004742655127375011
0.002831778197657392
0.0020891733769387044
0.005357688039395178
0.008121287938892819
0.004178272768549521
0.01163074120950463
0.0039755128344011285
0.008121409403913527
0.00869680244754777
0.004017808636392491
0.002799109349532699
0.0018321861427013128
0.001554398023879224
0.0020850234950001772
0.0021144416541108955
0.0031820389385015966
0.0022438084998483705
0.0023273673603685856
0.003006623419910696
0.0025133607862337405
0.0019501772802782542
0.0018828329858340208
0.002969284757490543
0.0027875853114951795
0.001892016064671097
0.0019684688501590314
0.002144111821456533
0.002434087554226755
0.0024082457147478775
0.0022242474169884693
0.0040727787469885465
0.00422374473847014
0.002899842623517893
0.002679575631687183
0.011431729393282426
0.052921440007956025
0.030806509697912116
0.07563610811079391
0.02888972937415186
0.002849816338082881
0.0035700039129329913
0.0026235976208362375
0.0036942128562518165
0.0038595053463806937
0.003421677321284178
0.0035482118696161047
0.0030987221857274455
0.003458284984937246
0.0034743193669075872
0.0021010747596632608
0.00405683054769515
0.004245650537263644
0.003523515401002806
0.0037156120944835027
0.003058538758819063
0.003404370115604718
0.004098353264102368
0.0031268914420260166
0.0035812566298638058
0.003434793906712621
0.023340656327072117
0.013674275867626116
0.008083814741861622
0.007073710010290099
0.004391366529324684
0.003086917037073604
0.002908410471059545
0.010790686917239853
0.012418826775531203
0.005047717836607457
0.0027264020222088963
0.002630384799808939
0.004314822605572736
0.023887537908697302
0.029215846066401426
0.011457586858129476
0.0060043826799468505
0.003785635278834064
0.001949604520995921
0.002474416950017109
0.0024567839647249338
0.002631909479943557
0.0037474837554565725
0.0029484816256797283
0.0023531018844881097
0.0026443449497923813
0.002541631359534472
0.0028879027213559207
0.0022055688112990585
0.00241820865857955
0.0023567962682818104
0.0033520727489899527
0.0026229490752414405
0.0028591641405264386
0.0032274364760332733
0.002401902640530355
0.0018372789918881006
0.002184803600955199
0.005155156790749991
0.005779630854621635
0.0035482959008108403
0.0035817605289416143
0.0037130109122486647
0.0034974856672757865
0.0043732819972284185
0.010924088642946557
0.010619968029817671
0.014125099637847083
0.011088130535564218
0.015893362215063846
0.00447417415167796
0.0034863398750312542
0.004871333015305812
0.01241977629302389
0.010322574645693534
0.006639955424339609
0.003774223074589372
0.009425572883851286
0.00595365853038531
0.011961345465339899
0.013538822581563102
0.007449663355956539
0.016407976258803168
0.023566693088863937
0.010811581358689192
0.006927608353783662
0.0026863851415920028
0.002667923651030071
0.004047811124678782
0.004242850204373903
0.0029647749893556936
0.004276779691378253
0.00436992819346776
0.0035839389449904726
0.004375883805383424
0.003624106254618943
0.002314298818046511
0.0025965112581563393
0.0028554799393762788
0.0032838637380828636
0.0032990338775974897
0.002969529700931777
0.0021033712163983902
0.00239559199031751
0.002501272382666031
0.0024725061699687667
0.0028747606213228877
0.01827216898689022
0.011013563640746103
0.006157054082573963
0.004599262485152163
0.0027062906691331977
0.0037264345668707338
0.023256183364015002
0.01891750795903917
0.018413299050208005
0.017278674731452094
0.018234932287239602
0.010253624103861356
0.016835410078666242
0.010542490762116524
0.004258878220729172
0.0025626982164862195
0.002814337726236723
0.002884866807238157
0.002372242996092521
0.0029951945359109225
0.003281773445589189
0.0019536041837041793
0.0022237255443439173
0.0024683939429291503
0.002308505458649881
0.002605953353946787
0.0024175555323591165
0.0024530598967868705
0.002650328156588269
0.0033570878503267126
0.004504691510976697
0.0031032922543969745
0.003004456107555606
0.002941269910432488
0.002432420086995557
0.0033781268166348066
0.003205155826852897
0.0037239181737461335
0.003339597770355224
0.0032586735453843407
0.0028923251724014953
0.0020048331415795633
0.002454326001898831
0.0018828614265854358
0.0024635739045043453
0.0022145460065023967
0.0023979220660326575
0.0035871306265864095
0.0024268354200628764
0.0030554138392319624
0.0037477904650160994
0.003110306022542607
0.02461066814560168
0.018317547648715925
0.01259137579730523
0.006739352085181649
0.004844565095661797
0.004157190425497211
0.01295190613477988
0.018425902446417133
0.006381120499003193
0.00345833841101821
0.0031223404784374064
0.007323694824510343
0.009176459609057355
0.008414903586622407
0.006375388983941907
0.005585331531958971
0.008078358131891698
0.00469555841886421
0.0038574690916119555
0.008358176291810751
0.005317706128203756
0.002676061867422732
0.004344530165926703
0.008399027299391069
0.004151126003376272
0.0035035709628076896
0.008837949070322263
0.007183605590284011
0.0038583231422248576
0.006989802819158445
0.006859018598636172
0.0028874361981952516
0.007169376365456039
0.007293297384315405
0.003386700322759493
0.00492296521817508
0.0070573439890382695
0.0028472053666312204
0.005793280684318914
0.008473011969245516
0.006766265981145968
0.006742498081870203
0.008732975741710369
0.008698119198650598
0.003515548700760832
0.002383555746055931
0.002329541110014688
0.0023571969672714194
0.002540694369357787
0.00223273887754236
0.00668432087964858
0.007486459212640526
0.006590270911062899
0.008291630734318866
0.006935894220784453
0.00882136107487772
0.005053742407441307
0.003178799517476829
0.0035493556330371935
0.0032363020448337386
0.0034026943495395583
0.0029804168956596186
0.00916700742659705
0.011158081847930825
0.010572750635722277
0.007723799823769457
0.004308893592256992
0.002993448939618852
0.0036431713008482866
0.0034539198800176965
0.004058016287882326
0.002408598020150837
0.002671545191773356
0.003333720004232504
0.0074305311854383094
0.00860338864862217
0.005637873322346121
0.00698460831584462
0.004673055229751153
0.0036663565703463304
0.0032827012554112337
0.002154475108432498
0.0020471872179799494
0.00229313655592718
0.003017036252061089
0.0028431227389648685
0.0026339370255489022
0.002028529676954265
0.003567885263485619
0.006340294689137155
0.00985644411254164
0.006302032281189382
0.012447505641585851
0.005087662398927914
0.0072755118851899475
0.005745286353035552
0.0033999385725097422
0.0029684090039399837
0.0029159892696253983
0.002678539972397987
0.002807350065789473
0.0023995138208234316
0.0019215682111386465
0.0028897752066368385
0.0025115349750190917
0.003057722347020229
0.00267241064432286
0.0029423170375053893
0.0027732327649623535
0.00259120520934457
0.0020825820832357455
0.0018374198788947103
0.0028031604565193287
0.0033271138542903494
0.0023098000402823555
0.001987100831017194
0.0019211679488348012
0.0034894189363825277
0.004596130622862922
0.0028409072340600133
0.002933904506261959
0.0019192923860694062
0.0021028492861906757
0.0025358162681808735
0.0035698736656005828
0.002919399123709402
0.0032570110691844158
0.0033621309485378174
0.003070494941442897
0.002050034885804499
0.001995454748262253
0.002613381060084277
0.002386844801966624
0.002307037412408839
0.0018772772569704422
0.002524997866526291
0.0022417813956388567
0.0024289397972533937
0.00245535276578436
0.0025520126381228733
0.2737112796411023
0.16569784386730554
0.09350123599963378
0.05745164723654897
0.04431602298043764
0.039684038056581314
0.03067945646534623
0.03073057496871853
0.02029547639393292
0.010112289040803248
0.01256046479689932
0.013624893185216834
0.014543309579760124
0.024290520950956757
0.01996471297341838
0.023373363444929348
0.018317991424298838
0.018426370281075473
0.014387550737022003
0.010716727195043792
0.012956308938871426
0.01554414502395703
0.01950867107150487
0.019312189092684715
0.014719954527420882
0.014725543229468672
0.0175021172215949
0.014630592516861477
0.020537240211188086
0.015663205359050265
0.012236854152043213
0.0148172132023072
0.012829180272835474
0.010082590716269418
0.007547494430372021
0.00915480895413068
0.0073785172582171085
0.007968668935209205
0.0076772743919186984
0.012405278176213874
0.013708151493881039
0.01666333506271554
0.013983237708670309
0.012669930875576036
0.011244354075746942
0.020004291665395062
0.02685676519058809
0.022052617725150304
0.02155579546494949
0.018039967802972505
0.02366990798669393
0.01868696020386364
0.015522019104586933
0.017469710379345072
0.019758598590044862
0.014718237861262855
0.012552854243598742
0.010729277932065798
0.011066812646870327
0.01620527130954924
0.0168772888882107
0.011402039399395734
0.012605574968718529
0.013748035370952483
0.010477214117862484
0.01282570879238258
0.010392601550340282
0.013270859401226845
0.014590212714011046
0.020059530167546618
0.02076393551438948
0.018374603259376815
0.012097422711874752
0.015479445783867915
0.013823816644795067
0.009021137882625811
0.007457579271828364
0.007989154484694967
0.0086293565172277
0.025558774834437085
0.022508201849421674
0.016390423291726432
0.02417846079897458
0.027612441633350627
0.019646919919431134
0.014904210028382213
0.018431482131412703
0.014363727225562303
0.01780158009582812
0.021222914822840052
0.02072424237800226
0.015856540116580706
0.009118930631427961
0.0169418927579577
0.025430368205816827
0.02001802499465926
0.010207487716299935
0.010998603778191474
0.013659550767540513
0.017667374950407422
0.015511108737449262
0.011716132084109012
0.014263874477370524
0.009688024536881619
0.011167523728141117
0.025545499282815028
0.01933950315866573
0.014546647541734061
0.011286011841181677
0.014019650105288857
0.009216380046998505
0.008041417432172614
0.010600051118503373
0.011076597643971068
0.008758507034516435
0.01068752479628895
0.008325544755394147
0.008625579851680044
0.019117500076296274
0.023509342478713342
0.01393942457350383
0.01013941236610004
0.01303603854487747
0.010363589892269662
0.017195024719992676
0.013856757560960723
0.00875543610950041
0.008698366496780298
0.00956930753501999
0.015109561449018831
0.014450018311105685
0.012072092349009675
0.02707192068239387
0.024902417065950498
0.03186664555803095
0.02843844416638691
0.015548112430188908
0.013361346781823175
0.019711428418836024
0.03396876049073763
0.0371824930570391
0.030627574999237038
0.029873290963469343
0.022487849818414868
0.02012016663106174
0.019469569231238746
0.015499912259285256
0.020133899960325937
0.020656243324076052
0.020324087496566667
0.0066024315622425
0.00948608737449263
0.010781273842585528
0.01062599185155797
0.013058545945616016
0.018282151249732963
0.015961886196478165
0.010532719656971954
0.015144219031342509
0.02145699179052095
0.02261268959624012
0.025232551042207098
0.025817762535477767
0.017884666737876524
0.015286912137211218
0.009557615131076998
0.02002273628955962
0.023233378856776635
0.03281474120303964
0.026396794030579547
0.02024943159276101
0.009708681752983185
0.012051873836481826
0.014690828424939725
0.012053857539597765
0.017627471999267556
0.008834021271401106
0.018944498275704214
0.01551498077333903
0.019273735770744958
0.01894896160771508
0.018530629139072847
0.010693437757499924
0.009000099185155796
0.01613494521927549
0.026817529831843014
0.02126199758903775
0.031894589068269905
0.031638500625629444
0.01574457533494064
0.016658185064241462
0.011800210577715384
0.014128219702749717
0.01706488235114597
0.013391674550614949
0.020670129245887632
0.02027535325174718
0.011080851161229286
0.009998130741294594
0.014219641712698752
0.01129503387554552
0.011564683980834376
0.0152119510483108
0.01872335352641377
0.02209639271217994
0.022099444563127537
0.016976016266365548
0.019627292703024386
0.020603808709982605
0.017412411877803888
0.020430196539201025
0.03163539155247658
0.03949434644611957
0.029649151585436566
0.0247521897030549
0.018657452620014038
0.007864791558580279
0.010144486068300426
0.01131542405468917
0.013460570085757012
0.01479111987670522
0.015161519211401716
0.023334852900784325
0.022214117862483597
0.0190980254524369
0.02435836741233558
0.023375862147892695
0.02083185827204199
0.014832529679250465
0.024387112033448285
0.027148903622547075
0.022241126743369852
0.023457670827356794
0.023163682210760827
0.021524456770531327
0.015529572435682242
0.019161923581652272
0.013379581591235083
0.01962895214697714
0.01716515472884304
0.01851279488509781
0.011617442854091007
0.02390909680471206
0.008386944181646169
0.01065683462019715
0.018899369029816582
0.021169907986693933
0.01888126773888363
0.009231963560899687
0.008498107852412487
0.012510834070863978
0.012662377544480727
0.013051068910794397
0.022591746269112215
0.023649956511123997
0.018359725486007263
0.022417638172551654
0.012844992675557727
0.013139896847437972
0.025381042664876247
0.025172887356181527
0.013118114261299479
0.017656617175817135
0.01954891735587634
0.014014690847499008
0.01845734656819361
0.01610745948667867
0.011018993957335124
0.014181779686880093
0.014512466811120945
0.010972529526657919
0.015774540696432384
0.015329351939451277
0.019280068361461226
0.01895460753196814
0.016361125522629475
0.02138328959013642
0.02042779320657979
0.02753742332224494
0.024751064333017977
0.022044167912839138
0.021068166905728325
0.022357402264473403
0.0231089777825251
0.02506649220252083
0.019081526383251442
0.017581713309121984
0.014353408154545732
0.019780762657551805
0.02572059923093356
0.019157574694051945
0.01552222891933958
0.011472308267464216
0.011664212469862972
0.015586260567033905
0.027123344370860926
0.02117458113345744
0.020560758537553025
0.03068523590807825
0.02382755516220588
0.016110396893215733
0.02641798532059694
0.030510479293191322
0.0239327867976928
0.02465468306527909
0.016922360911893062
0.014293496505630665
0.018629623554185612
0.02286465804010132
0.01856683172093875
0.019593436231574453
0.016989844965971862
0.02297574541459395
0.030794377727591783
0.030579794457838677
0.028910584582049013
0.025076944792016356
0.024197153386028625
0.01964390621662038
0.017180986205633717
0.0249123355815302
0.0207363162633137
0.012067876979888302
0.019802240058595537
0.011489474929044464
0.0140433400982696
0.011044133579515976
0.018984630115665153
0.014639233069856867
0.018709334086123235
0.018221839045381025
0.019507774590289007
0.021285382396923735
0.021044705801568652
0.020520683919797358
0.01676068910794397
0.016289368877224035
0.018523552659688098
0.026564607684560686
0.014933317056794945
0.02445341349528489
0.014505161442915127
0.017260467848750266
0.019414120914334546
0.012674947355571153
0.01666688283944212
0.009295728171636097
0.011588488418225655
0.014901139103366191
0.017853614154484693
0.011168496505630664
0.013141289254432812
0.015049611651966919
0.010786900692770166
0.013217356639301736
0.013959128086184271
0.015043450727866451
0.013713721121860409
0.019813322092349008
0.018100203711050752
0.015451788384655293
0.01451380199591052
0.01319540238654744
0.017131946775719473
0.018853591265602588
0.024605071413312175
0.02052085558641316
0.028473979155858028
0.023563493758964812
0.019010322885830256
0.019250370036927398
0.013264202551347392
0.011551675466170233
0.015976935636463515
0.023064039277321695
0.023877853480636004
0.022575437940610982
0.022404362620929593
0.019361857966856896
0.01989890743736076
0.016994327372051147
0.014609267708365122
0.013971564378795738
0.015166497543259987
0.02224866100039674
0.014007328257087923
0.01440134128849147
0.01737996688741722
0.026186750389110995
0.030747074037903988
0.016493881038850064
0.023299050874355298
0.013401287881099887
0.026428399761955625
0.016231517227698597
0.026208952604754785
0.02285039063692129
0.02944151127658925
0.020284241767632067
0.02346867656483657
0.02415795617542039
0.01984599597155675
0.027046056245612963
0.018225558488723412
0.025621147038178655
0.033058927426984464
0.028778744621112705
0.01737754448072756
0.021943514053773615
0.032300275429548025
0.03825367366557818
0.03531746879482406
0.03291560487685782
0.029406472212897123
0.03764219718008972
0.047553178502761924
0.0605495429853206
0.06437585833307902
0.057327227088229016
0.042389427625354775
0.038618713187047946
0.04996894741660817
0.05204081087679678
0.03301259651478622
0.030996009704886012
0.05033425397503586
0.04657731101413007
0.05295358134708701
0.059040231025116734
0.05000694296090579
0.03916331598864711
0.26033779412213504
0.1645038148136845
0.10085869930112613
0.05414242988372448
0.04703109836115604
0.02120339060640278
0.020780159916989654
0.03170885341959898
0.02583043916135136
0.030555360576189457
0.04430361339152196
0.03338030640583514
0.031245887630848106
0.029971083712271494
0.036710257271034885
0.027018723105563525
0.02000051881466109
0.03390078432569353
0.04063357951597644
0.03944862208929716
0.020463225196081423
0.04136042359691153
0.0388843043305765
0.020348780785546434
0.04016081728568376
0.04677793206579791
0.034290520950956756
0.02258304086428419
0.02950570696127201
0.041152012695699944
0.035468108157597586
0.03164319284646138
0.02034192938016907
0.01691158787804804
0.021726157414471876
0.02363016144291513
0.02517787713248085
0.03932753990295114
0.03621759697256386
0.03755967894528031
0.03834577471236305
0.04695319986571856
0.045704962309640794
0.038238731040375985
0.03217325357829524
0.03787690359202856
0.042424024170659505
0.048743629261146885
0.04516800439466536
0.05736925870540483
0.050954786828211314
0.05584362315744499
0.05427629932554094
0.06512265388958402
0.0713529007843257
0.08076238288521988
0.08118039490951262
0.08562535477767266
0.07169093905453658
0.05099429303872799
0.04359967345194861
0.039887173070467234
0.029231971190527055
0.03342208624530778
0.032944517349772634
0.03465242469557787
0.03404239020966216
0.04603540147099216
0.046872859889523
0.045771507919553214
0.06109775078585162
0.05525537888729515
0.04122960600604266
0.06388184759056367
0.05118005920590839
0.04510022278511917
0.05109630115665151
0.05175890377513962
0.04144973601489303
0.04266380809961241
0.0394495223853267
0.04358594012268441
0.040160527359843746
0.04036468092898343
0.03418639179662465
0.0407731101413007
0.036365031891842405
0.03314191106906339
0.03681119724112675
0.03689806817835017
0.021930722983489487
0.029826593829157384
0.022573412274544513
0.02119100009155553
0.023638294625690483
0.020989425336466565
0.03641213721121861
0.026084887234107484
0.044129551072725606
0.025597109897152623
0.03324091311380352
0.029385357219153415
0.027722495193334758
0.024719107638782923
0.03161526841029084
0.020689931943723868
0.023940702536088137
0.015621280556657614
0.039824335459456156
0.01905543687246315
0.03114812158574175
0.02029529709768975
0.021470168156987213
0.019004211554307687
0.021249504074221017
0.027061128574480422
0.019297906430249947
0.02669127475814081
0.02574587237159337
0.02595402386547441
0.021327875606555375
0.03193028046510208
0.021393261513107702
0.02310338145084994
0.028484237189855648
0.040206686605426194
0.018933805352946562
0.022033280434583576
0.027865901669362467
0.020867915890987885
0.027238822595904415
0.021454618976409195
0.029810052797021393
0.01828867458113346
0.020158680990020446
0.03156297494430372
0.020009598071230202
0.01809695730460524
0.03191236610003967
0.029912762840662865
0.03326427503280739
0.020849803155613883
0.02736832789086581
0.021520798364207894
0.035743797112949005
0.047763176366466265
0.03875511947996459
0.03735395367290262
0.04896641438032167
0.04064818262276071
0.03870274971770379
0.03996360667744987
0.039353526413769956
0.043047898800622576
0.04152272103030488
0.04409466841639454
0.05500904873805964
0.05866824854274117
0.057954390087588126
0.0557061677907651
0.05043795587023529
0.05059213538010804
0.05001886043885617
0.06211387981810968
0.06381945249794001
0.06259654530472732
0.05689309366130558
0.06311560411389508
0.054522522659993286
0.07094178594317453
0.08357361064485609
0.08165218054750205
0.10373685415204321
0.12081020538956878
0.12835055085909605
0.13819125949888608
0.14268793298135318
0.13638058107242043
0.1309038209173864
0.1248619342631306
0.12404655598620563
0.09218538468581194
0.07651078829309976
0.06273180333872494
0.030511719107638783
0.01919747001556444
0.03140148625141148
0.027904034546952727
0.029170598467970824
0.028306512649922178
0.023344950712607195
0.028836100344859155
0.050999237037263105
0.039846552934354684
0.03238952299569689
0.036888439588610496
0.030391476180303353
0.019938886684774317
0.030153279213843198
0.029933713797418132
0.028642490920743433
0.03542612994781335
0.0288755912961211
0.03100221259193701
0.032837885677663506
0.02379068880275887
0.023268776512955107
0.0190547349467452
0.024866557817316202
0.02985483870967742
0.023611880855739006
0.02337734611041597
0.029950239570299388
0.03141067232276376
0.02563640247810297
0.03989126255073702
0.02804878383739738
0.021761497848445083
0.024822290719321266
0.028209540086062197
0.01959729300820948
0.0186288644062624
0.01982375560777612
0.023226248970000304
0.015347560045167394
0.016839854121524705
0.02518277535325175
0.011881588183233132
0.01462747581408124
0.011212576677755057
0.017448820459608754
0.012450758384960478
0.02461301004058962
0.021106250190740684
0.013029084139530625
0.016081682790612506
0.019543473616748557
0.015100207525864436
0.01574810022278512
0.018546388134403517
0.014097369304483168
0.010510589922788171
0.017285393841364786
0.016429212317270424
0.01937282937101352
0.020309350871303446
0.029256447035126802
0.017982268745994446
0.016695455793939024
0.02232290108951079
0.019670110171819206
0.015767891476180306
0.018797173986022524
0.014697714163640248
0.014292199468977935
0.012456877346110416
0.013567430646687216
0.011760444959868159
0.02494274727622303
0.012544877468184454
0.011179662465285196
0.017727759636219368
0.012474562822351758
0.016177602465895564
0.015464766380809961
0.01549488814966277
0.015274758140812403
0.02387862788781396
0.023683156834620196
0.017538804284798728
0.021906155583361307
0.022550614947965942
0.01673863948484756
0.019803018280587177
0.020131397442548906
0.016333750419629506
0.014340769676808985
0.014182638019959106
0.017261116367076633
0.01581189916684469
0.015600390636921292
0.01869569994201483
0.015583040864284189
0.01929419843134861
0.01814363536484878
0.013546082949308756
0.018606769005401775
0.019880153813287758
0.022842020935697503
0.016849696340830715
0.01685428937650685
0.014731223487044892
0.014991424298837245
0.014487807855464338
0.022909405804620503
0.021588244270149843
0.016155507065034942
0.022096209601123084
0.020578142643513292
0.014642597735526596
0.019336283455916013
0.01393716238898892
0.01914830469679861
0.017629062776573994
0.015334345530564288
0.018043412579729606
0.02120358897671438
0.02110011597033601
0.020423368022705772
0.022299233985412153
0.020444776757103184
0.016894100772118288
0.014774727622302926
0.015088412121951963
0.016798974578081608
0.01835612048707541
0.02673197700552999
0.019075055884153997
0.011193773101970766
0.0071092584433540265
0.004012571791587172
0.0027178123332206624
0.0024895763185517235
0.007839450177135469
0.012829536986953799
0.014594265955326013
0.010062436614797674
0.004789607737051926
0.0054840441366037496
0.011172977212136613
0.0062763857026893665
0.004195905642232001
0.0025022791184786306
0.0023837995447922476
0.00878960442840578
0.003730302949043229
0.005400688541504228
0.00938549185191683
0.0044460290016385025
0.016132690588424613
0.019346350149175354
0.01924320846763936
0.010306242077896348
0.007627199766992984
0.003864801428839231
0.0027096953802788416
0.003351142819139931
0.0030624738350551947
0.002063018051933184
0.002742006754790436
0.002600353144664952
0.002662287616183823
0.0029923437555026623
0.002673367684413365
0.0024218608732013685
0.0038212029099982388
0.0036339368778766576
0.003090711657611779
0.0018255028166289428
0.0026907974087184666
0.0030746995989863095
0.0037892616107889437
0.00394968299783243
0.0036708780411966687
0.004541865978106697
0.003067771310950823
0.0025952303459924222
0.0032579847514439386
0.0031523600737291954
0.003538500107278029
0.0037375092679218544
0.0032964337268372866
0.0031467892679002815
0.003059692333078414
0.0025854546947793005
0.003991920675277994
0.002756978789336309
0.001816268427325271
0.0022893325226934665
0.0022682416188742455
0.003055881826730203
0.003491555556679255
0.0036008531363570257
0.0026376267827750775
0.0028165064742970277
0.0028898604686862835
0.005361851101662198
0.004778935835533917
0.0036353107513149526
0.003644797570388668
0.003024308809193613
0.0030276415832070505
0.0026860908870948493
0.0032062093256969367
0.002823996597039297
0.01792612525577625
0.010679216195388442
0.002955817641388817
0.008138985863388225
0.01790553821190449
0.010081064648092528
0.004187073405559704
0.016146418349104324
0.016413276465985668
0.012721319504090157
0.014989320014566583
0.013274139838252092
0.01031384858116845
0.012528655354008003
0.008437010714742016
0.006499262232886995
0.003969659699935285
0.003502062895070824
0.004391449842691599
0.0038314636493151097
0.00459595621667095
0.0027763701988390193
0.0041457514138566656
0.00573306035035229
0.009160072438982592
0.004535815327406197
0.004228524551315958
0.0030372225306666794
0.005275100925198328
0.00333557368646384
0.003443807334803517
0.00424079807012961
0.0030800696100142014
0.002577911129086115
0.003019591982994706
0.003781816416780738
0.003402286565781182
0.005353918480253781
0.0037658017117250357
0.0026388808484912934
0.002518160673112083
0.002988147391669876
0.0029185248859382963
0.0028558722634491242
0.003306651311726217
0.0024896329675513644
0.002258388783829533
0.0031564623921631566
0.004022357605206878
0.003444431902456301
0.003040500165413096
0.0036804630178979172
0.0029608654069498675
0.00410724408767242
0.0029610620244922524
0.0030794122917364207
0.002708400604816091
0.0026118069362548123
0.0023941413179551043
0.0026018013805109612
0.0031080401361088476
0.00282234909200042
0.004273379196360872
0.0031950652124970455
0.0035813820920479185
0.002581103179606885
0.002595015777760729
0.0025292391573123966
0.002935468404181933
0.003205785727035687
0.002745018692838611
0.002935055030419666
0.0025369632848982007
0.0025497889728013567
0.0024869444179333794
0.0022750505484809298
0.002733737793302777
0.002811386239662481
0.0035654242646728147
0.002290843793835169
0.003116792698301853
0.0032753536029076972
0.0031785697806027374
0.0028262395741272973
